0 0.567275 0.442369 0.017017 0.013085
0 0.545503 0.440074 0.019299 0.011602
0 0.543588 0.456274 0.015165 0.010454
0 0.517940 0.436395 0.012269 0.010444
0 0.509891 0.435481 0.005972 0.005858
0 0.628833 0.388270 0.026984 0.009948
0 0.453434 0.403054 0.012808 0.011664
0 0.392885 0.431220 0.012497 0.009926
0 0.303742 0.422812 0.018013 0.011305
0 0.334160 0.416195 0.010476 0.007168
0 0.332697 0.390146 0.014137 0.011295
0 0.375792 0.451968 0.015069 0.010062
0 0.645799 0.527511 0.012867 0.011441
0 0.638998 0.536953 0.013968 0.010201
0 0.679251 0.566178 0.013231 0.009648
0 0.675481 0.582582 0.017100 0.012684
0 0.666569 0.592922 0.014706 0.014063
0 0.648643 0.590929 0.012695 0.012810
0 0.598652 0.598973 0.010109 0.008408
0 0.636240 0.613531 0.012130 0.009511
0 0.645891 0.612980 0.009375 0.010890
0 0.300671 0.177504 0.013968 0.008961
0 0.336973 0.198181 0.015989 0.011719
0 0.367584 0.191285 0.015823 0.010883
0 0.398821 0.186675 0.013601 0.009363
0 0.451665 0.181984 0.014521 0.012406
0 0.467288 0.177641 0.014888 0.013924
0 0.566258 0.219408 0.015777 0.011833
0 0.620933 0.273165 0.013234 0.009926
0 0.655342 0.274157 0.012794 0.010918
0 0.667913 0.274323 0.012791 0.008601
0 0.721511 0.259105 0.013234 0.009926
0 0.779519 0.237020 0.022940 0.009759
0 0.710483 0.286812 0.011468 0.007443
0 0.713571 0.291859 0.007500 0.004963
0 0.699674 0.318160 0.014117 0.009926
0 0.700777 0.302775 0.023380 0.017535
0 0.762062 0.342682 0.017014 0.011114
0 0.834233 0.346414 0.013049 0.008408
0 0.834234 0.357786 0.013416 0.014611
0 0.851695 0.360614 0.018932 0.010890
0 0.877153 0.369573 0.013968 0.007857
0 0.884778 0.374467 0.010476 0.007718
0 0.903894 0.372468 0.011948 0.007857
0 0.907664 0.392664 0.007351 0.005516
0 0.902431 0.397277 0.013062 0.010605
0 0.782860 0.382269 0.014339 0.010476
0 0.768800 0.393712 0.013049 0.009100
0 0.763193 0.399432 0.016174 0.010615
0 0.740127 0.406324 0.009375 0.005928
0 0.716599 0.354630 0.015625 0.011166
0 0.598118 0.357354 0.015562 0.010719
0 0.753684 0.433439 0.017467 0.011198
0 0.813714 0.431771 0.018737 0.011672
0 0.851349 0.440704 0.015245 0.011434
0 0.911696 0.436535 0.013975 0.012148
0 0.528697 0.378163 0.030185 0.011937
0 0.503725 0.327739 0.013171 0.009878
0 0.416734 0.303865 0.019210 0.011525
0 0.466953 0.270936 0.016465 0.010702
0 0.739998 0.487452 0.015916 0.011525
0 0.767164 0.491155 0.014269 0.010702
0 0.685389 0.453080 0.010976 0.005352
0 0.493022 0.377547 0.010430 0.008234
0 0.822872 0.462754 0.015916 0.011525
0 0.847568 0.472839 0.015916 0.011114
0 0.860192 0.486422 0.013724 0.011114
0 0.800094 0.480453 0.015367 0.010702
0 0.807230 0.471192 0.013171 0.007820
0 0.393062 0.262753 0.018677 0.012862
0 0.295111 0.330215 0.015625 0.011148
0 0.308831 0.362944 0.015625 0.013720
0 0.220218 0.311491 0.017533 0.011434
0 0.208593 0.262753 0.020202 0.010575
0 0.174863 0.321781 0.019058 0.015437
0 0.143609 0.324497 0.016769 0.010575
0 0.164001 0.377236 0.015628 0.011436
0 0.262637 0.410938 0.019818 0.010863
0 0.279408 0.463105 0.014484 0.010005
0 0.213282 0.463248 0.015625 0.010290
0 0.216141 0.472396 0.015245 0.010293
0 0.178598 0.476398 0.020198 0.010861
0 0.166592 0.525849 0.013720 0.008574
0 0.197705 0.542039 0.016832 0.010481
0 0.190559 0.551566 0.016515 0.011912
0 0.129418 0.565858 0.016197 0.010005
0 0.141171 0.574077 0.014927 0.008814
0 0.178489 0.603020 0.015880 0.012388
0 0.203264 0.569075 0.013975 0.011195
0 0.216445 0.567764 0.014927 0.013817
0 0.311093 0.542039 0.012384 0.009529
0 0.318398 0.574315 0.014931 0.010243
0 0.341743 0.581461 0.012705 0.010243
0 0.363816 0.589323 0.015562 0.010243
0 0.390494 0.580508 0.019375 0.010243
0 0.406534 0.569551 0.015880 0.008814
0 0.385413 0.560141 0.013022 0.010005
0 0.442106 0.555973 0.011435 0.009288
0 0.457034 0.531677 0.013975 0.009767
0 0.483872 0.566931 0.016197 0.011198
0 0.562164 0.680795 0.012067 0.008812
0 0.544220 0.664834 0.015562 0.009767
0 0.405582 0.650305 0.013340 0.011195
0 0.395260 0.648874 0.012384 0.010719
0 0.495942 0.677937 0.014292 0.011195
0 0.477044 0.681391 0.013975 0.010005
0 0.426541 0.693063 0.012063 0.012386
0 0.432897 0.713548 0.013975 0.013817
0 0.546283 0.742014 0.013340 0.010719
0 0.634580 0.685558 0.015880 0.010243
0 0.666025 0.703425 0.012705 0.010243
0 0.648079 0.725578 0.009213 0.007862
0 0.643633 0.728555 0.009845 0.007145
0 0.700645 0.672696 0.014610 0.009767
0 0.695086 0.658522 0.016197 0.010005
0 0.679522 0.669360 0.013019 0.011672
0 0.392720 0.749399 0.019375 0.013579
0 0.324033 0.707019 0.013013 0.013398
0 0.313446 0.670874 0.015661 0.011580
0 0.314549 0.678733 0.007722 0.005129
0 0.216728 0.647054 0.016763 0.011910
0 0.725564 0.421657 0.014481 0.008576
0 0.754001 0.603068 0.015245 0.011672
0 0.801963 0.560309 0.019058 0.010960
0 0.843886 0.553400 0.017149 0.010005
0 0.903280 0.542919 0.017784 0.010957
0 0.440456 0.725125 0.013975 0.012388
0 0.451414 0.729412 0.009210 0.010481
