0 0.411815 0.661286 0.013340 0.009720
0 0.389517 0.617979 0.006098 0.006002
0 0.405185 0.620167 0.011336 0.009650
0 0.442022 0.617755 0.008118 0.006662
0 0.427164 0.629415 0.011181 0.007237
0 0.466070 0.650208 0.009653 0.007927
0 0.448072 0.654458 0.011336 0.007006
0 0.495164 0.662845 0.011167 0.007465
0 0.506506 0.649748 0.010261 0.007696
0 0.509256 0.657330 0.010556 0.008385
0 0.522819 0.633781 0.010109 0.008385
0 0.415218 0.649002 0.008730 0.006892
0 0.403041 0.656871 0.010724 0.006550
0 0.356708 0.645671 0.011181 0.008043
0 0.356782 0.656009 0.009497 0.005516
0 0.350351 0.611610 0.010721 0.007237
0 0.353644 0.633207 0.014246 0.007237
0 0.400744 0.555551 0.010721 0.007927
0 0.403806 0.568991 0.008882 0.004479
0 0.401126 0.572207 0.005360 0.003790
0 0.422186 0.574333 0.008578 0.006434
0 0.448226 0.558480 0.006128 0.004365
0 0.446923 0.579272 0.008423 0.008271
0 0.463160 0.586854 0.009342 0.006203
0 0.473575 0.596158 0.011184 0.008041
0 0.496705 0.596675 0.009038 0.007468
0 0.522436 0.579272 0.014243 0.011947
0 0.561725 0.570598 0.010413 0.008616
0 0.556440 0.583062 0.023436 0.008961
0 0.567161 0.593402 0.009038 0.006431
0 0.552917 0.600006 0.008730 0.006778
0 0.552611 0.593000 0.009957 0.008385
0 0.541353 0.588519 0.011025 0.007927
0 0.530324 0.590874 0.012255 0.007810
0 0.530341 0.537158 0.009497 0.007698
0 0.507426 0.509714 0.008423 0.006778
0 0.495096 0.505980 0.007659 0.007813
0 0.463313 0.501672 0.014246 0.008616
0 0.438882 0.498973 0.009497 0.007123
0 0.457186 0.486394 0.011792 0.008155
0 0.450599 0.479903 0.008730 0.008041
0 0.496703 0.478812 0.009649 0.011602
0 0.433077 0.463810 0.009805 0.006434
0 0.438805 0.442913 0.011181 0.008271
0 0.441027 0.450495 0.015929 0.009422
0 0.452745 0.460776 0.011488 0.018497
0 0.488814 0.453884 0.007966 0.006319
0 0.519449 0.463074 0.011028 0.007006
0 0.541582 0.457215 0.009342 0.007009
0 0.538596 0.468243 0.007047 0.006317
0 0.558814 0.468300 0.008886 0.006892
0 0.571298 0.471575 0.007199 0.007237
0 0.564244 0.473068 0.011505 0.010685
0 0.548014 0.444349 0.010261 0.007006
0 0.586614 0.466865 0.004444 0.003100
0 0.588836 0.471977 0.005820 0.009648
0 0.670628 0.499375 0.008578 0.007465
0 0.632335 0.453251 0.013479 0.011716
0 0.661300 0.429576 0.009497 0.008502
0 0.700802 0.400983 0.008886 0.005975
0 0.714893 0.406784 0.011028 0.008385
0 0.715506 0.420397 0.011336 0.008041
0 0.763142 0.452103 0.014702 0.010109
0 0.741696 0.452391 0.014398 0.007237
0 0.624446 0.411437 0.025274 0.009878
0 0.617019 0.400179 0.014706 0.005972
0 0.725017 0.474493 0.009497 0.007354
0 0.723623 0.486623 0.008271 0.007006
0 0.744838 0.500063 0.016389 0.006778
0 0.770265 0.502018 0.008730 0.006778
0 0.764213 0.501443 0.006739 0.003562
0 0.763677 0.505061 0.010873 0.005513
0 0.793391 0.487657 0.009038 0.005861
0 0.797298 0.491735 0.008274 0.005975
0 0.813457 0.451586 0.009957 0.006550
0 0.810448 0.440239 0.024382 0.016753
0 0.793983 0.431145 0.008806 0.005265
0 0.804577 0.421094 0.013148 0.007371
0 0.829848 0.428130 0.011104 0.008423
0 0.838972 0.452065 0.010218 0.004973
0 0.849443 0.468767 0.010976 0.007564
0 0.791387 0.526210 0.010109 0.006548
0 0.813137 0.528965 0.011644 0.006094
0 0.840552 0.529255 0.012560 0.008961
0 0.844535 0.511621 0.014706 0.008385
0 0.920584 0.522649 0.014858 0.005858
0 0.929851 0.525176 0.011336 0.007698
0 0.940802 0.515067 0.010261 0.006319
0 0.792229 0.537870 0.009649 0.007812
0 0.800881 0.567393 0.009190 0.007351
0 0.820260 0.570438 0.014858 0.007240
0 0.816888 0.580259 0.010569 0.006203
0 0.811941 0.612804 0.014854 0.009650
0 0.842467 0.639364 0.015470 0.012294
0 0.827075 0.642236 0.011948 0.007006
0 0.735938 0.621042 0.011948 0.007351
0 0.709747 0.636837 0.010724 0.008385
0 0.711156 0.581099 0.013019 0.008730
0 0.697416 0.570438 0.009957 0.006550
0 0.675116 0.558307 0.010476 0.008961
0 0.741119 0.553523 0.013456 0.006783
0 0.689200 0.528330 0.010146 0.011912
0 0.617956 0.569850 0.007943 0.010588
0 0.601524 0.570264 0.009041 0.005791
0 0.592482 0.564722 0.009924 0.007609
0 0.614869 0.597974 0.011028 0.006617
0 0.595018 0.601447 0.005294 0.003971
0 0.593363 0.604673 0.009927 0.006121
0 0.583108 0.613109 0.008823 0.006783
0 0.551457 0.629320 0.008158 0.006453
0 0.625344 0.618651 0.009484 0.007941
0 0.616634 0.609386 0.015880 0.009263
0 0.605164 0.608063 0.008383 0.005625
0 0.637123 0.631090 0.011468 0.006783
0 0.682229 0.668641 0.012130 0.010089
0 0.721931 0.669220 0.012573 0.008271
0 0.713770 0.679725 0.006396 0.012406
0 0.722040 0.686838 0.011911 0.008437
0 0.725790 0.699079 0.011911 0.012076
0 0.731194 0.710575 0.012573 0.009926
0 0.763285 0.721659 0.016319 0.011250
0 0.692044 0.710410 0.007943 0.008271
0 0.684765 0.708839 0.008823 0.010754
0 0.631169 0.696183 0.012351 0.006617
0 0.554081 0.681130 0.011250 0.008271
0 0.549449 0.674432 0.007278 0.006121
0 0.543935 0.673935 0.008604 0.006451
0 0.533679 0.701064 0.009706 0.006453
0 0.601392 0.712478 0.009266 0.008437
0 0.612088 0.712643 0.011690 0.008767
0 0.619036 0.716861 0.005294 0.004963
0 0.620360 0.720749 0.007943 0.004797
0 0.607788 0.716696 0.007057 0.004301
0 0.640101 0.723480 0.009044 0.007609
0 0.664805 0.727118 0.012130 0.007609
0 0.599848 0.732164 0.011911 0.009100
0 0.660212 0.736107 0.007626 0.007860
0 0.464458 0.733566 0.017202 0.008338
0 0.485235 0.757685 0.004233 0.005756
0 0.481397 0.756494 0.004501 0.004566
0 0.471868 0.756691 0.016673 0.010124
0 0.455987 0.756890 0.010850 0.010521
0 0.400273 0.767809 0.010056 0.007741
0 0.415491 0.707065 0.005030 0.004963
0 0.418140 0.709349 0.004501 0.003574
0 0.426609 0.701407 0.007146 0.005161
0 0.421579 0.706073 0.009792 0.008137
0 0.437593 0.698531 0.011118 0.006947
0 0.403449 0.690093 0.011118 0.007145
0 0.339134 0.678084 0.013234 0.007344
0 0.337412 0.748951 0.008204 0.011711
0 0.369307 0.692574 0.006882 0.007743
0 0.373938 0.686421 0.011911 0.012505
0 0.440107 0.678182 0.016677 0.008735
0 0.553786 0.750340 0.012176 0.008140
0 0.458767 0.797090 0.010060 0.006352
0 0.437062 0.803144 0.007411 0.006153
0 0.445136 0.807907 0.008208 0.009330
0 0.509320 0.800365 0.011114 0.009330
0 0.594016 0.791034 0.011114 0.008537
0 0.626572 0.771778 0.008998 0.008934
0 0.632526 0.782696 0.012440 0.011314
0 0.615182 0.774353 0.011065 0.008299
0 0.639755 0.806421 0.009339 0.011617
0 0.690610 0.782551 0.009044 0.005955
0 0.704109 0.782634 0.012569 0.009593
0 0.765756 0.746406 0.018528 0.011910
0 0.750316 0.732346 0.007940 0.005625
0 0.744253 0.733255 0.009484 0.008435
0 0.775131 0.736895 0.009044 0.008105
0 0.793657 0.757573 0.009927 0.006451
0 0.824868 0.728127 0.018525 0.010089
0 0.812846 0.697442 0.014778 0.009263
0 0.768441 0.680324 0.011055 0.010290
0 0.796265 0.688470 0.009527 0.007148
0 0.883733 0.665174 0.011435 0.009147
0 0.882591 0.677323 0.011432 0.006575
0 0.874015 0.684468 0.016389 0.008291
0 0.862771 0.683898 0.014484 0.011148
0 0.870966 0.696902 0.011052 0.006860
0 0.872300 0.398189 0.012960 0.006290
0 0.907364 0.431633 0.010675 0.010861
0 0.870585 0.386183 0.011052 0.012579
0 0.797027 0.372176 0.010291 0.007433
