0 0.555089 0.584897 0.013287 0.010370
0 0.573742 0.575210 0.016009 0.010370
0 0.574015 0.585033 0.013644 0.010370
0 0.435736 0.730495 0.015539 0.011937
0 0.496427 0.625604 0.012437 0.010007
0 0.492636 0.584671 0.012434 0.009323
0 0.541678 0.551866 0.012887 0.009437
0 0.521138 0.508149 0.012130 0.008415
0 0.605050 0.502009 0.011065 0.009097
0 0.594135 0.500246 0.012583 0.008755
0 0.591784 0.489048 0.014554 0.010233
0 0.573887 0.671904 0.015936 0.009988
0 0.597465 0.662243 0.012444 0.008678
0 0.717316 0.596767 0.015936 0.011297
0 0.730306 0.571045 0.016154 0.010642
0 0.803748 0.582727 0.016372 0.010370
0 0.823578 0.563761 0.012368 0.010642
0 0.839679 0.576040 0.018737 0.013916
0 0.830491 0.596234 0.017464 0.011461
0 0.826055 0.612073 0.015880 0.011448
0 0.826477 0.626941 0.012913 0.009258
0 0.836417 0.633439 0.012808 0.009343
0 0.868614 0.619653 0.013161 0.008750
0 0.858026 0.608915 0.014266 0.009645
0 0.686052 0.488269 0.017791 0.009871
0 0.697579 0.479464 0.013056 0.009003
0 0.717606 0.465492 0.015284 0.010707
0 0.667791 0.509532 0.012381 0.008812
0 0.707650 0.503709 0.015036 0.010241
0 0.727358 0.486838 0.013770 0.009286
0 0.759853 0.465046 0.014150 0.009759
0 0.858037 0.583337 0.013476 0.009318
0 0.856511 0.559570 0.015053 0.010424
0 0.855511 0.539909 0.010737 0.008212
0 0.864514 0.543461 0.015476 0.012319
0 0.880147 0.546896 0.012424 0.009239
0 0.924418 0.539040 0.014001 0.010898
0 0.895243 0.591865 0.015896 0.009712
0 0.894243 0.607103 0.014107 0.009712
0 0.902930 0.601813 0.014425 0.009395
0 0.752464 0.584503 0.019213 0.012607
0 0.773967 0.599649 0.011571 0.009824
0 0.144234 0.509116 0.015830 0.010097
0 0.158624 0.487884 0.018194 0.012555
0 0.240408 0.508996 0.016214 0.011369
0 0.227512 0.494940 0.018423 0.011845
0 0.212194 0.481162 0.018528 0.010816
0 0.160028 0.467817 0.017371 0.011766
0 0.172378 0.444730 0.016739 0.010818
0 0.206561 0.431574 0.016528 0.011133
0 0.221827 0.429404 0.015896 0.011372
0 0.198613 0.407294 0.015579 0.012634
0 0.235408 0.387989 0.016948 0.010660
0 0.141232 0.409637 0.014858 0.009551
0 0.140322 0.394401 0.014554 0.009779
0 0.166854 0.389568 0.014858 0.009891
0 0.174054 0.371148 0.018042 0.011255
0 0.209380 0.364723 0.020466 0.011143
0 0.194370 0.341130 0.016220 0.009665
0 0.139717 0.362506 0.014554 0.009893
0 0.250179 0.356492 0.015265 0.011213
0 0.262265 0.348255 0.016634 0.013266
0 0.280314 0.364205 0.013776 0.008842
0 0.308904 0.377077 0.014950 0.010107
0 0.313022 0.333714 0.014649 0.011456
0 0.273674 0.309924 0.012811 0.008752
0 0.275605 0.303545 0.014213 0.009417
0 0.302057 0.292750 0.013247 0.009807
0 0.265691 0.294892 0.012983 0.008678
0 0.273851 0.288904 0.014038 0.009732
0 0.289606 0.399289 0.015615 0.011257
0 0.647545 0.185506 0.015314 0.010119
0 0.598699 0.235556 0.015665 0.011369
0 0.578484 0.237166 0.016174 0.011372
0 0.624153 0.212341 0.017057 0.012316
0 0.542667 0.181310 0.015790 0.010709
0 0.546331 0.189363 0.016042 0.010327
0 0.561619 0.213905 0.016802 0.009571
0 0.867143 0.403224 0.014788 0.011359
0 0.811992 0.395554 0.015665 0.010613
0 0.830185 0.388068 0.012381 0.011181
0 0.841176 0.389964 0.014150 0.011749
0 0.837639 0.412225 0.017183 0.012307
0 0.611220 0.282812 0.013340 0.010689
0 0.639645 0.243982 0.018647 0.011257
0 0.615617 0.235853 0.016677 0.011369
0 0.672240 0.256491 0.015010 0.010347
0 0.637751 0.286508 0.013644 0.010804
0 0.642146 0.295717 0.013644 0.010575
0 0.693540 0.258651 0.016677 0.010347
0 0.693995 0.273659 0.011825 0.009893
0 0.704382 0.273374 0.012586 0.011143
0 0.720149 0.282471 0.013492 0.009551
0 0.732275 0.284688 0.014101 0.010119
0 0.746982 0.283380 0.012887 0.010005
0 0.792540 0.311636 0.013340 0.009209
0 0.757518 0.301290 0.015466 0.010347
0 0.726969 0.307144 0.014706 0.009779
0 0.724848 0.315331 0.015311 0.010459
0 0.785716 0.326248 0.019706 0.012961
0 0.770329 0.343017 0.018343 0.012393
0 0.787384 0.347168 0.014253 0.011825
0 0.803530 0.358880 0.016524 0.012736
0 0.803262 0.386358 0.015268 0.011119
0 0.656746 0.331296 0.013340 0.009095
0 0.703517 0.346417 0.014097 0.011372
0 0.694041 0.344592 0.013340 0.010246
0 0.730881 0.345616 0.017887 0.010905
0 0.751271 0.362563 0.016524 0.012279
0 0.698970 0.398089 0.014706 0.011496
0 0.687227 0.403669 0.014567 0.011262
0 0.576787 0.436022 0.016815 0.011741
0 0.604535 0.426889 0.012940 0.008500
0 0.603009 0.440373 0.016144 0.011054
0 0.627354 0.440110 0.015529 0.010528
0 0.619311 0.448131 0.014038 0.009541
0 0.579208 0.389208 0.014302 0.011580
0 0.493887 0.405427 0.014739 0.008750
0 0.489603 0.422408 0.013452 0.010913
0 0.500643 0.431868 0.012722 0.009871
0 0.467085 0.453062 0.010969 0.008390
0 0.476591 0.451855 0.010966 0.008061
0 0.635739 0.366177 0.014547 0.009923
0 0.563724 0.363765 0.013380 0.007951
0 0.587374 0.351565 0.013452 0.009980
0 0.593773 0.342433 0.014696 0.010035
0 0.540157 0.319028 0.018118 0.011463
0 0.560134 0.281943 0.015718 0.012279
0 0.537902 0.251837 0.014917 0.011734
0 0.520708 0.209472 0.013644 0.011324
0 0.494967 0.228642 0.017467 0.012006
0 0.520618 0.256204 0.016012 0.012552
0 0.544177 0.268824 0.015827 0.011870
0 0.508522 0.267119 0.015099 0.010642
0 0.478047 0.268824 0.013826 0.010506
0 0.331944 0.210508 0.017646 0.012143
0 0.306566 0.230156 0.014190 0.010506
0 0.265724 0.256900 0.016190 0.010779
0 0.413428 0.270906 0.015281 0.011133
0 0.438424 0.286053 0.015499 0.011297
0 0.437879 0.299969 0.018773 0.012934
0 0.461893 0.308893 0.015281 0.009824
0 0.491693 0.321255 0.018122 0.013919
0 0.379114 0.288429 0.015007 0.009437
0 0.407842 0.259606 0.016372 0.011825
0 0.286576 0.268759 0.018952 0.011937
0 0.358891 0.254375 0.016829 0.012733
0 0.338122 0.270976 0.018042 0.012964
0 0.662930 0.518434 0.010880 0.010379
0 0.343261 0.605206 0.015463 0.010005
0 0.312788 0.602078 0.014253 0.009891
0 0.329767 0.586843 0.014249 0.009663
0 0.397761 0.609812 0.011978 0.008755
0 0.419215 0.619020 0.013039 0.009891
0 0.398444 0.641306 0.011220 0.011257
0 0.368051 0.633349 0.015618 0.012170
0 0.368957 0.651653 0.013191 0.012622
0 0.436913 0.662739 0.015089 0.012369
0 0.456968 0.665844 0.013862 0.013291
0 0.461976 0.346302 0.016802 0.012698
0 0.471071 0.337774 0.013519 0.009665
0 0.456354 0.360562 0.014150 0.009759
0 0.445678 0.350898 0.013770 0.009003
0 0.417316 0.350708 0.015665 0.009759
0 0.514722 0.368712 0.012381 0.010895
0 0.512068 0.378565 0.015162 0.010707
0 0.543780 0.342655 0.012130 0.010707
0 0.559760 0.355445 0.011498 0.009948
0 0.616480 0.670358 0.013039 0.012279
0 0.676591 0.664730 0.017738 0.014211
0 0.678639 0.673485 0.012431 0.009891
0 0.336240 0.406612 0.017467 0.012966
0 0.346610 0.397811 0.015615 0.010459
0 0.325689 0.426807 0.020771 0.012507
0 0.318110 0.441758 0.020466 0.011483
0 0.296809 0.445624 0.016978 0.012165
0 0.331298 0.467512 0.018039 0.011825
0 0.367153 0.466317 0.017586 0.010347
0 0.368821 0.431980 0.012126 0.011029
0 0.370944 0.414128 0.016677 0.010573
0 0.340245 0.479224 0.013095 0.009643
0 0.325522 0.490873 0.017467 0.013100
0 0.331617 0.504040 0.015827 0.011324
0 0.433738 0.443476 0.020837 0.013926
0 0.610704 0.464488 0.016071 0.012393
0 0.648606 0.460564 0.017285 0.012964
0 0.663312 0.451241 0.013343 0.009779
0 0.652548 0.472163 0.014858 0.011825
0 0.628747 0.428273 0.013948 0.010915
0 0.638447 0.417641 0.014858 0.010575
0 0.695339 0.436064 0.018555 0.011052
0 0.722173 0.435859 0.017646 0.012825
0 0.744459 0.406251 0.014190 0.009824
0 0.757194 0.430673 0.017827 0.013643
0 0.751007 0.447388 0.014554 0.009960
0 0.757292 0.454005 0.012202 0.009549
0 0.790030 0.451140 0.014372 0.010642
0 0.780618 0.691849 0.011316 0.008291
0 0.789567 0.693757 0.012017 0.010660
0 0.577234 0.222176 0.010360 0.008718
0 0.530236 0.237620 0.015413 0.008906
0 0.877875 0.337390 0.012735 0.008867
0 0.897723 0.384392 0.016677 0.010422
0 0.927918 0.404005 0.014150 0.010233
0 0.930597 0.427191 0.014527 0.010613
0 0.938064 0.488375 0.016068 0.010347
0 0.882811 0.501891 0.015794 0.012041
0 0.368841 0.190350 0.017179 0.013075
0 0.428977 0.241231 0.014150 0.011560
0 0.391202 0.229624 0.018952 0.013549
0 0.722209 0.233261 0.015767 0.013304
0 0.693330 0.233772 0.019861 0.013646
0 0.622454 0.607056 0.011839 0.007366
0 0.558641 0.656529 0.014193 0.010915
0 0.203232 0.520263 0.015281 0.010233
0 0.185767 0.502388 0.018194 0.012416
0 0.185314 0.537455 0.015099 0.009688
0 0.179400 0.545027 0.015645 0.011190
0 0.164210 0.536296 0.016918 0.010915
0 0.164210 0.546052 0.015463 0.010779
0 0.171215 0.567473 0.013462 0.009960
0 0.215513 0.559218 0.018737 0.013371
0 0.226610 0.541957 0.019828 0.013234
0 0.256723 0.574563 0.014927 0.009405
0 0.280914 0.586507 0.012735 0.010370
0 0.187042 0.608746 0.015645 0.010915
0 0.128647 0.578594 0.016019 0.010372
0 0.311811 0.535154 0.014388 0.010233
0 0.325909 0.529752 0.012903 0.009891
0 0.364408 0.542488 0.013492 0.011483
0 0.386088 0.574551 0.013796 0.008983
0 0.393138 0.581317 0.012434 0.007733
0 0.401551 0.577793 0.013492 0.010233
0 0.444919 0.569377 0.013509 0.010005
0 0.451202 0.576825 0.013343 0.008527
0 0.261721 0.655655 0.016009 0.010779
0 0.248805 0.662137 0.018191 0.010915
0 0.253353 0.671415 0.017103 0.011461
0 0.289737 0.680557 0.014917 0.011188
0 0.327305 0.696181 0.014735 0.011324
0 0.358689 0.697613 0.012371 0.010097
0 0.398803 0.696658 0.014008 0.010642
0 0.390615 0.704365 0.011825 0.009415
0 0.400713 0.705732 0.011644 0.009960
0 0.357596 0.707232 0.013829 0.009687
0 0.362417 0.735681 0.014735 0.010097
0 0.381791 0.735681 0.015645 0.011461
0 0.332490 0.747755 0.014557 0.011052
0 0.458836 0.725175 0.013644 0.010097
0 0.462846 0.697473 0.015116 0.010908
0 0.494835 0.740285 0.015159 0.010804
0 0.521290 0.726926 0.015615 0.011143
0 0.528566 0.716124 0.016524 0.012961
0 0.537055 0.756090 0.014097 0.011029
0 0.550775 0.732893 0.013945 0.011029
0 0.562070 0.719023 0.015007 0.011483
0 0.571758 0.763173 0.019468 0.013643
0 0.617012 0.731882 0.014554 0.010804
0 0.631414 0.747630 0.017887 0.012051
0 0.634067 0.760250 0.015311 0.010233
0 0.656353 0.754851 0.017434 0.010119
0 0.647485 0.744447 0.014554 0.010461
0 0.696149 0.752122 0.014858 0.011257
0 0.716920 0.750076 0.014554 0.011029
0 0.672654 0.717677 0.013952 0.011272
0 0.740645 0.698738 0.015007 0.012054
0 0.738900 0.737113 0.014554 0.010119
0 0.666941 0.609374 0.017103 0.012279
0 0.656389 0.635844 0.015648 0.010915
0 0.639378 0.661496 0.014735 0.009276
0 0.527804 0.618597 0.015827 0.011188
0 0.610635 0.634412 0.016554 0.010779
0 0.628737 0.628612 0.015648 0.011461
0 0.621369 0.615719 0.014372 0.009142
0 0.476172 0.464340 0.013535 0.011136
0 0.510227 0.466879 0.011789 0.009005
0 0.518851 0.472281 0.008079 0.007696
0 0.545375 0.461884 0.016591 0.010479
0 0.568953 0.469498 0.012226 0.008023
0 0.574330 0.474989 0.009944 0.008410
0 0.638388 0.547671 0.017133 0.010347
0 0.603064 0.552448 0.011974 0.008527
0 0.552808 0.546876 0.013036 0.008073
0 0.544848 0.516347 0.013492 0.010005
0 0.560691 0.500257 0.014253 0.011029
0 0.699135 0.559633 0.015314 0.013075
0 0.646376 0.584762 0.019557 0.013983
0 0.621060 0.578053 0.015314 0.010119
0 0.620301 0.590844 0.018042 0.012736
0 0.472882 0.525454 0.016677 0.010461
0 0.466060 0.548593 0.018191 0.013757
0 0.397457 0.493562 0.019557 0.013075
0 0.443471 0.505159 0.017285 0.010347
0 0.467576 0.498166 0.013340 0.009323
0 0.349325 0.614643 0.019709 0.012054
