0 0.858358 0.613903 0.013013 0.012413
0 0.871496 0.574722 0.013773 0.008338
0 0.872002 0.532083 0.015288 0.011939
0 0.763264 0.512990 0.016171 0.012602
0 0.798322 0.426482 0.013264 0.009854
0 0.769392 0.405257 0.014782 0.010801
0 0.796854 0.400360 0.018330 0.012723
0 0.817758 0.393619 0.016951 0.013819
0 0.860870 0.390303 0.015159 0.009554
0 0.858500 0.371708 0.017371 0.013108
0 0.929876 0.396824 0.017940 0.012790
0 0.760169 0.318984 0.016806 0.011560
0 0.848856 0.293369 0.013770 0.011649
0 0.853404 0.312560 0.012503 0.009851
0 0.710721 0.251814 0.019960 0.016014
0 0.757593 0.240208 0.016171 0.012887
0 0.725944 0.242008 0.011498 0.008906
0 0.664545 0.272281 0.014276 0.011466
0 0.644458 0.256837 0.015033 0.010707
0 0.641047 0.237649 0.014276 0.007579
0 0.597965 0.215241 0.017054 0.014117
0 0.633277 0.204959 0.017183 0.011749
0 0.553874 0.265649 0.015539 0.011277
0 0.554631 0.296822 0.016551 0.011654
0 0.600744 0.284836 0.013519 0.009097
0 0.697667 0.319748 0.014190 0.010315
0 0.508905 0.376705 0.013056 0.007582
0 0.370398 0.395639 0.016214 0.011133
0 0.348395 0.397891 0.010949 0.008371
0 0.250989 0.320564 0.016845 0.011763
0 0.264835 0.313656 0.014636 0.011845
0 0.259096 0.280453 0.017477 0.012240
0 0.279415 0.281992 0.018320 0.014687
0 0.298051 0.277650 0.011789 0.010107
0 0.275890 0.267227 0.016528 0.013740
0 0.332890 0.285893 0.013492 0.011597
0 0.376781 0.285212 0.014554 0.009779
0 0.337826 0.295663 0.017583 0.013668
0 0.424268 0.216143 0.013700 0.010967
0 0.298395 0.457326 0.019229 0.015134
0 0.214489 0.476801 0.016677 0.011825
0 0.184540 0.459296 0.014716 0.009315
0 0.191065 0.425294 0.017738 0.012507
0 0.224679 0.488943 0.014782 0.010139
0 0.369421 0.639116 0.019709 0.015161
0 0.338027 0.648070 0.022106 0.015064
0 0.334319 0.679732 0.015688 0.011607
0 0.397857 0.659203 0.011369 0.008291
0 0.567264 0.740910 0.018740 0.011057
0 0.622642 0.704194 0.016845 0.009950
0 0.619008 0.690770 0.013161 0.009789
0 0.251091 0.587858 0.022811 0.014214
0 0.183085 0.537413 0.012844 0.008056
0 0.179506 0.531373 0.012212 0.007344
0 0.157396 0.525175 0.014739 0.010265
0 0.454901 0.732655 0.016978 0.012507
0 0.437406 0.745015 0.016981 0.011825
0 0.709115 0.211579 0.021233 0.014541
0 0.719160 0.221615 0.023247 0.013160
0 0.678705 0.302813 0.018072 0.014871
0 0.580488 0.674214 0.011842 0.010660
0 0.593824 0.669346 0.012021 0.013028
0 0.426703 0.700427 0.018320 0.009950
0 0.425018 0.691900 0.013899 0.009792
0 0.451634 0.386279 0.013598 0.009015
0 0.430445 0.405229 0.012106 0.007567
0 0.418821 0.421812 0.015354 0.010330
0 0.490498 0.356070 0.013403 0.008316
0 0.523915 0.365712 0.010906 0.007312
0 0.523399 0.380037 0.010966 0.008180
0 0.537442 0.396033 0.009441 0.007170
0 0.528973 0.397175 0.012735 0.010278
0 0.797690 0.559031 0.015916 0.012602
0 0.790046 0.571927 0.014656 0.010327
0 0.734717 0.452366 0.013343 0.010689
0 0.723499 0.462258 0.012130 0.009323
0 0.695646 0.550187 0.012940 0.009323
0 0.723502 0.539633 0.015575 0.010913
0 0.689029 0.525156 0.013158 0.013656
0 0.584185 0.332515 0.014990 0.009916
0 0.598381 0.323969 0.016326 0.012383
0 0.617025 0.325181 0.019983 0.012431
0 0.689555 0.414886 0.015572 0.011900
0 0.621781 0.425278 0.017913 0.013051
0 0.281782 0.514441 0.012004 0.008053
0 0.263211 0.545567 0.018320 0.011937
0 0.306300 0.534759 0.013261 0.009846
0 0.312040 0.524246 0.014907 0.010233
0 0.351584 0.520789 0.014656 0.010139
0 0.351015 0.510650 0.015794 0.009380
0 0.404013 0.495964 0.016425 0.013172
0 0.462063 0.476161 0.012507 0.009950
0 0.446336 0.504586 0.014405 0.007485
0 0.473056 0.573850 0.009729 0.007294
0 0.487269 0.562669 0.012632 0.009380
0 0.455747 0.535902 0.016296 0.012507
0 0.381227 0.600368 0.011667 0.009541
0 0.381534 0.589182 0.013862 0.008750
0 0.419172 0.585464 0.009825 0.007371
0 0.435622 0.601058 0.014478 0.011451
0 0.445187 0.583687 0.015704 0.011580
0 0.512978 0.714590 0.015440 0.009740
0 0.730789 0.631507 0.014203 0.009417
0 0.716971 0.631047 0.013433 0.009415
0 0.805491 0.610748 0.014302 0.011719
0 0.786326 0.618544 0.012467 0.008482
0 0.780842 0.609332 0.013429 0.011376
0 0.759256 0.601343 0.012374 0.012636
0 0.688633 0.588441 0.015539 0.010389
0 0.717103 0.575613 0.018611 0.013948
0 0.935394 0.500522 0.018862 0.015305
0 0.923853 0.443177 0.015880 0.013160
0 0.887970 0.416265 0.022897 0.015397
0 0.474058 0.307392 0.018247 0.013028
0 0.425498 0.289790 0.015704 0.013490
0 0.369137 0.313978 0.015179 0.013819
0 0.375893 0.329604 0.015000 0.012304
0 0.362381 0.336053 0.016230 0.015727
0 0.300767 0.311966 0.017791 0.014526
0 0.261005 0.401244 0.017837 0.013326
0 0.288423 0.414787 0.013743 0.009816
0 0.316169 0.421477 0.013085 0.008936
0 0.334739 0.425041 0.013525 0.009377
0 0.340843 0.414184 0.021058 0.015516
0 0.690830 0.346905 0.019266 0.014529
0 0.689988 0.360882 0.011895 0.010895
0 0.681462 0.391281 0.034008 0.023529
0 0.454598 0.670505 0.016981 0.012736
0 0.500686 0.660954 0.010916 0.009095
0 0.545506 0.644973 0.016554 0.016101
0 0.537070 0.618056 0.014213 0.010580
0 0.596553 0.623819 0.014421 0.009950
0 0.628768 0.600843 0.015056 0.011687
0 0.557756 0.587183 0.016214 0.012793
0 0.578022 0.553860 0.012526 0.009948
0 0.523646 0.523264 0.013052 0.010342
0 0.512801 0.532107 0.013896 0.012870
0 0.622354 0.501904 0.015966 0.011644
0 0.657844 0.492757 0.014299 0.010593
0 0.625775 0.473214 0.017371 0.011647
0 0.594851 0.462819 0.015179 0.012041
0 0.560680 0.424128 0.014388 0.011252
0 0.548333 0.464281 0.016634 0.012396
0 0.520013 0.467163 0.013684 0.010580
0 0.489640 0.455871 0.012950 0.007738
0 0.483743 0.438539 0.014425 0.008606
0 0.486954 0.431946 0.015582 0.008212
0 0.504117 0.443356 0.016845 0.009082
0 0.515645 0.435215 0.015370 0.014214
0 0.409358 0.756385 0.019709 0.009323
0 0.473034 0.750587 0.012735 0.010687
0 0.341364 0.723752 0.016829 0.010689
0 0.475392 0.669333 0.014150 0.009474
0 0.592488 0.731369 0.015929 0.010685
0 0.659320 0.723800 0.013370 0.009950
0 0.719805 0.695610 0.012844 0.008686
0 0.726648 0.700663 0.010949 0.008371
0 0.776814 0.693400 0.014845 0.009003
0 0.699894 0.610481 0.012983 0.007961
0 0.701956 0.603374 0.010618 0.007701
0 0.877660 0.611956 0.016042 0.012498
