0 0.615208 0.499196 0.017685 0.010739
0 0.601996 0.495919 0.015685 0.009239
0 0.740119 0.501877 0.021144 0.015332
0 0.768854 0.497633 0.020354 0.013554
0 0.613998 0.244974 0.022361 0.016962
0 0.635853 0.273921 0.020595 0.015541
0 0.661100 0.435871 0.015685 0.015714
0 0.687788 0.419446 0.014319 0.010027
0 0.698996 0.411234 0.016101 0.010975
0 0.587077 0.411338 0.014696 0.009705
0 0.521052 0.384463 0.018935 0.013599
0 0.457424 0.464066 0.017374 0.012081
0 0.513487 0.497665 0.024005 0.017056
0 0.527488 0.494071 0.014110 0.011133
0 0.505590 0.506706 0.012001 0.008765
0 0.497958 0.516338 0.013370 0.010027
0 0.525594 0.523564 0.014739 0.011845
0 0.575233 0.555029 0.014633 0.014134
0 0.567548 0.533000 0.012106 0.009239
0 0.659582 0.554937 0.016677 0.018192
0 0.663219 0.525260 0.016677 0.012961
0 0.720119 0.504510 0.019835 0.017433
0 0.722961 0.483712 0.017940 0.015067
0 0.720815 0.467604 0.030572 0.016771
0 0.685377 0.480348 0.014021 0.010990
0 0.694979 0.476843 0.010989 0.009286
0 0.707297 0.480490 0.015916 0.012413
0 0.776877 0.430761 0.024950 0.015794
0 0.695650 0.341271 0.015413 0.018286
0 0.682510 0.340086 0.015919 0.015161
0 0.694322 0.252935 0.024392 0.016977
0 0.746901 0.259561 0.019563 0.016186
0 0.798839 0.249986 0.030794 0.033624
0 0.385780 0.438673 0.020423 0.013185
0 0.394519 0.428369 0.017054 0.012949
0 0.360918 0.450639 0.015969 0.012240
0 0.357978 0.461529 0.019567 0.012964
0 0.420916 0.480680 0.014782 0.009003
0 0.414031 0.488687 0.012884 0.010424
0 0.403925 0.496125 0.017434 0.010895
0 0.395018 0.482670 0.012761 0.010136
0 0.377520 0.491672 0.017434 0.011086
0 0.389079 0.506262 0.017814 0.011275
0 0.370825 0.480728 0.011624 0.008147
0 0.395164 0.326595 0.020195 0.013646
0 0.721435 0.615141 0.020529 0.018318
0 0.344225 0.378512 0.019468 0.014871
0 0.415354 0.352245 0.012910 0.010094
0 0.527773 0.701500 0.020215 0.019330
0 0.560734 0.711574 0.022110 0.024447
0 0.549110 0.657516 0.016296 0.012602
0 0.516326 0.676136 0.017434 0.011751
0 0.503011 0.643868 0.017583 0.013108
0 0.492851 0.624483 0.015582 0.010186
0 0.438790 0.645605 0.020741 0.015635
0 0.394360 0.639051 0.015056 0.010424
0 0.418049 0.676202 0.018843 0.013028
0 0.619724 0.597602 0.018952 0.012783
0 0.708909 0.566344 0.020529 0.014688
0 0.709435 0.596231 0.018003 0.014923
0 0.514208 0.439256 0.024408 0.027971
0 0.475096 0.369556 0.021376 0.014325
0 0.466068 0.351987 0.026065 0.012842
0 0.497685 0.334365 0.015919 0.014439
0 0.550822 0.343859 0.022437 0.015689
0 0.576215 0.336014 0.020162 0.011825
0 0.605217 0.268662 0.017688 0.013361
0 0.592520 0.251512 0.009980 0.009000
