0 0.609816 0.589385 0.016736 0.012688
0 0.978328 0.465453 0.016372 0.011257
0 0.882667 0.489105 0.016068 0.011939
0 0.853560 0.502066 0.016372 0.011483
0 0.894112 0.535040 0.018647 0.013304
0 0.854385 0.270728 0.016157 0.009854
0 0.843829 0.264426 0.018823 0.011843
0 0.856336 0.236143 0.015284 0.011369
0 0.878762 0.272623 0.014401 0.009095
0 0.909474 0.262531 0.018446 0.010895
0 0.949269 0.274234 0.012884 0.011939
0 0.858118 0.282997 0.017308 0.014497
0 0.833223 0.317630 0.016313 0.016486
0 0.976488 0.326204 0.019597 0.013361
0 0.970235 0.353636 0.020198 0.013264
0 0.968790 0.375145 0.017308 0.013266
0 0.886157 0.394379 0.018810 0.012696
0 0.930274 0.421745 0.017460 0.013752
0 0.905403 0.461256 0.024001 0.013658
0 0.533442 0.148562 0.016515 0.011706
0 0.598638 0.170166 0.013492 0.013075
0 0.632369 0.192453 0.016677 0.013304
0 0.581571 0.109282 0.019901 0.015320
0 0.629059 0.130283 0.015050 0.009469
0 0.674117 0.131667 0.018624 0.013502
0 0.767192 0.134351 0.020952 0.016029
0 0.710650 0.143156 0.019276 0.017056
0 0.699752 0.154487 0.015992 0.011766
0 0.719178 0.172806 0.017569 0.012870
0 0.782814 0.196691 0.020212 0.016741
0 0.605270 0.220750 0.018528 0.010737
0 0.580476 0.229356 0.016316 0.012001
0 0.544418 0.271957 0.014319 0.009712
0 0.616167 0.262087 0.018003 0.013976
0 0.631063 0.240569 0.013264 0.015950
0 0.685493 0.240569 0.017057 0.012001
0 0.683704 0.259836 0.013896 0.009950
0 0.771151 0.259839 0.017030 0.012118
0 0.776063 0.303146 0.018118 0.012279
0 0.709370 0.370113 0.013099 0.010642
0 0.736877 0.349156 0.009606 0.008351
0 0.754122 0.335646 0.017464 0.013098
0 0.643768 0.352675 0.013753 0.016372
0 0.577946 0.332700 0.020522 0.013098
0 0.591701 0.385339 0.017900 0.010642
0 0.634598 0.378135 0.018991 0.014246
0 0.816372 0.442383 0.023499 0.013075
0 0.833352 0.451820 0.022589 0.011939
0 0.775817 0.452161 0.018796 0.012165
0 0.739006 0.402966 0.020704 0.014936
0 0.731680 0.437282 0.015529 0.010134
0 0.725231 0.423002 0.011759 0.010131
0 0.713123 0.424845 0.014388 0.011843
0 0.677768 0.436195 0.020708 0.010858
0 0.643947 0.452185 0.015704 0.010724
0 0.654649 0.476104 0.013426 0.009474
0 0.444387 0.242156 0.015790 0.012502
0 0.380693 0.264463 0.015440 0.011843
0 0.399248 0.252388 0.013773 0.011647
0 0.428289 0.280618 0.019038 0.015858
0 0.430040 0.304227 0.015794 0.011530
0 0.481357 0.290729 0.013780 0.009802
0 0.507369 0.316467 0.018006 0.010424
0 0.533899 0.350025 0.016951 0.013581
0 0.496581 0.356347 0.015165 0.013274
0 0.466267 0.375087 0.016634 0.014449
0 0.374165 0.365179 0.014805 0.015491
0 0.388118 0.357867 0.019557 0.013661
0 0.341386 0.336391 0.016190 0.013234
0 0.355121 0.337278 0.015645 0.010642
0 0.384502 0.304942 0.018013 0.014735
0 0.304638 0.277243 0.016921 0.012552
0 0.222946 0.270558 0.015813 0.011463
0 0.270891 0.301667 0.018919 0.012282
0 0.234506 0.312241 0.017827 0.010236
0 0.215489 0.356318 0.018214 0.010975
0 0.245600 0.366520 0.017054 0.012634
0 0.391038 0.447980 0.018320 0.011654
0 0.216605 0.486096 0.017688 0.013661
0 0.241558 0.477886 0.013056 0.008291
0 0.301462 0.470621 0.015582 0.011133
0 0.238808 0.450099 0.013370 0.010342
0 0.273770 0.436241 0.014563 0.012369
0 0.285395 0.441374 0.014825 0.011448
0 0.306101 0.431799 0.013776 0.009804
0 0.294922 0.380735 0.015539 0.013172
0 0.319431 0.378129 0.013519 0.008718
0 0.326314 0.386799 0.013138 0.009571
0 0.389363 0.375386 0.016412 0.010037
0 0.390875 0.383672 0.014401 0.009759
0 0.404140 0.387747 0.012632 0.009948
0 0.419238 0.385379 0.018065 0.010327
0 0.365228 0.425978 0.018697 0.011749
0 0.410203 0.419963 0.012126 0.009380
0 0.420121 0.417925 0.016802 0.013832
0 0.486448 0.398785 0.015033 0.010992
0 0.452462 0.402671 0.015539 0.010233
0 0.443619 0.424226 0.020089 0.011845
0 0.478805 0.420484 0.015413 0.011369
0 0.553216 0.425654 0.014401 0.010151
0 0.582346 0.422279 0.015301 0.011171
0 0.605268 0.437681 0.012381 0.011275
0 0.595539 0.444313 0.013896 0.010139
0 0.572799 0.441141 0.012636 0.009286
0 0.563386 0.460517 0.020086 0.015444
0 0.565346 0.488280 0.016425 0.009759
0 0.549489 0.481316 0.015036 0.009665
0 0.574668 0.505745 0.018555 0.010781
0 0.611508 0.510930 0.019464 0.013507
0 0.587586 0.524575 0.021104 0.014328
0 0.628337 0.544836 0.018922 0.011190
0 0.664539 0.518367 0.016009 0.011461
0 0.724939 0.512567 0.017827 0.009415
0 0.768236 0.551385 0.016009 0.011734
0 0.779516 0.547225 0.016009 0.011870
0 0.783609 0.536992 0.019831 0.011870
0 0.764416 0.538697 0.018919 0.013916
0 0.797890 0.558140 0.017103 0.015144
0 0.725484 0.587816 0.015645 0.012006
0 0.734580 0.571715 0.016739 0.011188
0 0.813991 0.601529 0.021283 0.012964
0 0.781614 0.679714 0.012930 0.008604
0 0.772512 0.659789 0.016921 0.011597
0 0.637432 0.698950 0.021829 0.015146
0 0.652531 0.687556 0.016009 0.011734
0 0.666176 0.680325 0.015281 0.018284
0 0.649076 0.655833 0.016009 0.013780
0 0.715241 0.560322 0.015827 0.014053
0 0.678219 0.567691 0.013826 0.011324
0 0.668214 0.618175 0.017831 0.014598
0 0.648839 0.617902 0.015463 0.012688
0 0.603540 0.556980 0.018376 0.012552
0 0.512851 0.523891 0.014921 0.010233
0 0.486108 0.558276 0.016739 0.013780
0 0.480104 0.581881 0.019282 0.014601
0 0.373786 0.534117 0.017573 0.012619
0 0.309512 0.522123 0.015162 0.011825
0 0.272067 0.546853 0.017282 0.011483
0 0.300188 0.593131 0.017434 0.011029
0 0.431336 0.581182 0.012738 0.010186
0 0.452340 0.593934 0.014739 0.010580
0 0.523457 0.646503 0.022133 0.011711
0 0.500337 0.675384 0.017130 0.011711
0 0.399216 0.617509 0.014101 0.012165
0 0.412406 0.659862 0.016829 0.014328
0 0.427720 0.672882 0.016524 0.013304
0 0.431432 0.651618 0.013948 0.012393
0 0.491620 0.626662 0.015767 0.012961
0 0.469636 0.632062 0.019709 0.014442
0 0.453158 0.634245 0.015311 0.013986
0 0.557675 0.527276 0.015463 0.010370
0 0.471354 0.493507 0.012007 0.010506
0 0.438061 0.517520 0.016009 0.011870
0 0.454621 0.518547 0.016749 0.013105
0 0.489909 0.519498 0.016372 0.011461
0 0.495823 0.537236 0.016554 0.012006
0 0.461711 0.563160 0.018191 0.018011
