0 0.639843 0.213802 0.016319 0.014211
0 0.864096 0.441019 0.019104 0.021830
0 0.850073 0.377516 0.028955 0.020126
0 0.768578 0.274733 0.019722 0.014968
0 0.778019 0.246404 0.014530 0.014023
0 0.665670 0.332507 0.015704 0.012832
0 0.674092 0.355734 0.012722 0.012173
0 0.690848 0.375771 0.010440 0.010134
0 0.715941 0.388043 0.011319 0.009936
0 0.574347 0.391286 0.019157 0.012339
0 0.500825 0.406933 0.017940 0.010707
0 0.471190 0.421509 0.018161 0.011714
0 0.399595 0.458532 0.020003 0.010739
0 0.355903 0.437054 0.024848 0.011687
0 0.384315 0.406727 0.016819 0.011198
0 0.349322 0.399865 0.018003 0.012949
0 0.316386 0.422009 0.018069 0.013834
0 0.276906 0.405428 0.015413 0.010424
0 0.285180 0.387898 0.015790 0.014214
0 0.285875 0.377760 0.014401 0.010422
0 0.276969 0.350518 0.015288 0.010898
0 0.220678 0.342561 0.014134 0.012795
0 0.241531 0.330526 0.019458 0.011463
0 0.222138 0.308354 0.015288 0.011466
0 0.247910 0.293998 0.022110 0.015918
0 0.251323 0.304137 0.016296 0.010233
0 0.267113 0.284998 0.014782 0.012316
0 0.330283 0.318919 0.015539 0.011181
0 0.347024 0.320435 0.014907 0.011749
0 0.318661 0.337774 0.013519 0.008147
0 0.343421 0.364969 0.011498 0.010613
0 0.354286 0.363500 0.018320 0.012222
0 0.565547 0.424437 0.014315 0.014291
0 0.575096 0.434125 0.009894 0.008606
0 0.634527 0.449562 0.014001 0.010107
0 0.678413 0.459287 0.013862 0.009824
0 0.739557 0.458290 0.013353 0.010890
0 0.819251 0.518121 0.020162 0.012279
0 0.799694 0.524773 0.015916 0.011029
0 0.832667 0.528240 0.018800 0.014328
0 0.719993 0.667421 0.028426 0.019345
0 0.582265 0.677654 0.016157 0.011736
0 0.374296 0.701690 0.018003 0.013425
0 0.405635 0.626200 0.012110 0.012698
0 0.438403 0.622088 0.014478 0.009737
0 0.185680 0.580895 0.023833 0.016285
0 0.199335 0.614370 0.013671 0.012009
0 0.256032 0.624483 0.014213 0.008371
0 0.241452 0.618482 0.014530 0.009633
0 0.262424 0.580920 0.015159 0.012396
0 0.245947 0.557390 0.017583 0.011133
0 0.205360 0.536861 0.016845 0.012240
0 0.274497 0.505060 0.014987 0.016587
0 0.272718 0.516602 0.012646 0.008775
0 0.213900 0.458571 0.024653 0.013681
0 0.148848 0.428366 0.022986 0.012371
0 0.753710 0.398255 0.012632 0.010856
0 0.467364 0.502521 0.023651 0.015007
0 0.531644 0.489957 0.015159 0.011029
0 0.466075 0.486488 0.015007 0.012961
0 0.443714 0.464772 0.015463 0.011597
0 0.400885 0.472674 0.015010 0.010804
0 0.380721 0.477051 0.021071 0.013874
0 0.378523 0.516391 0.014858 0.013189
0 0.379674 0.555670 0.016948 0.013343
0 0.369377 0.543011 0.012424 0.010660
0 0.349038 0.575098 0.015681 0.009938
0 0.367515 0.590905 0.015704 0.011647
0 0.397650 0.609066 0.018251 0.014541
0 0.434148 0.581035 0.014739 0.011778
0 0.486569 0.589128 0.015175 0.010330
0 0.504773 0.591069 0.012457 0.007897
0 0.514469 0.447578 0.016194 0.010097
0 0.456617 0.456447 0.012917 0.009005
0 0.490274 0.400985 0.016190 0.009960
0 0.458345 0.382974 0.015281 0.009688
0 0.491093 0.351319 0.013099 0.009415
0 0.458710 0.332493 0.013466 0.008874
0 0.402740 0.258501 0.019229 0.009759
0 0.372032 0.258583 0.016452 0.009268
0 0.400656 0.250083 0.014474 0.009487
0 0.357776 0.219075 0.020400 0.011736
0 0.372216 0.220062 0.012870 0.011513
0 0.389324 0.193439 0.017464 0.014601
0 0.481286 0.196168 0.016190 0.011870
0 0.438533 0.169289 0.020923 0.015146
0 0.476012 0.175088 0.014372 0.011734
0 0.456181 0.159805 0.014372 0.010642
0 0.540823 0.154235 0.015794 0.011252
0 0.513145 0.150319 0.013598 0.010265
0 0.699215 0.266143 0.012794 0.009687
0 0.684582 0.315284 0.014487 0.009591
0 0.677583 0.329079 0.009649 0.008817
0 0.765812 0.356499 0.013581 0.009789
0 0.805554 0.380779 0.014950 0.010501
0 0.789921 0.327639 0.018214 0.013185
0 0.812925 0.329219 0.014527 0.010977
0 0.843826 0.321085 0.016739 0.011922
0 0.675071 0.657307 0.016002 0.011687
0 0.627535 0.620670 0.014845 0.011528
0 0.612902 0.604127 0.014421 0.010342
0 0.675966 0.588137 0.013373 0.012951
0 0.791042 0.618445 0.011184 0.010089
0 0.743504 0.643899 0.018423 0.010501
0 0.778824 0.650138 0.016425 0.012081
0 0.807609 0.648108 0.017434 0.011751
0 0.837740 0.615371 0.016802 0.009000
0 0.877662 0.582777 0.015284 0.009759
0 0.857637 0.554066 0.018442 0.011843
0 0.807735 0.532226 0.011878 0.007770
0 0.832244 0.485561 0.017179 0.012034
0 0.795605 0.475848 0.014656 0.011369
0 0.803502 0.442922 0.016806 0.012034
0 0.814241 0.415964 0.014276 0.009854
0 0.897118 0.395544 0.017563 0.011654
0 0.826243 0.387633 0.009729 0.006252
0 0.806597 0.317832 0.013896 0.010977
0 0.617512 0.392892 0.012021 0.009345
0 0.582146 0.367645 0.012282 0.008881
0 0.546736 0.711689 0.007282 0.006448
0 0.624292 0.706594 0.011138 0.008872
0 0.443621 0.704397 0.013466 0.009003
0 0.419527 0.708533 0.008042 0.005940
0 0.399157 0.734883 0.011700 0.007842
0 0.310632 0.463460 0.015370 0.009792
0 0.388965 0.422240 0.015179 0.010134
0 0.556273 0.237595 0.014649 0.011778
0 0.527760 0.239242 0.009038 0.007304
0 0.499248 0.236313 0.011670 0.009343
0 0.542808 0.276814 0.010529 0.010067
0 0.633874 0.285697 0.006141 0.005198
0 0.307343 0.558196 0.013958 0.010002
0 0.310413 0.566716 0.020099 0.007698
0 0.209163 0.603062 0.014656 0.008812
0 0.200511 0.593398 0.015539 0.010327
0 0.217692 0.572645 0.017897 0.010330
0 0.225562 0.518077 0.011772 0.009650
0 0.198436 0.507194 0.013525 0.008500
0 0.206407 0.493539 0.014256 0.009048
0 0.202345 0.447636 0.018194 0.014097
0 0.131923 0.437687 0.016524 0.012622
0 0.184957 0.378557 0.014907 0.012128
0 0.174335 0.316956 0.011792 0.009556
0 0.677128 0.626891 0.012457 0.009144
0 0.661597 0.647651 0.014914 0.008819
0 0.490648 0.579127 0.013161 0.010461
0 0.518854 0.569454 0.013072 0.009410
0 0.561023 0.557098 0.013138 0.012887
0 0.603031 0.568137 0.011247 0.010327
0 0.630637 0.570410 0.015665 0.011277
0 0.621855 0.556245 0.017308 0.012887
0 0.634425 0.549754 0.008843 0.007297
0 0.647702 0.553038 0.008347 0.007267
0 0.655987 0.552242 0.011147 0.009048
0 0.628423 0.537485 0.011343 0.008958
0 0.688988 0.513524 0.013512 0.010858
0 0.673021 0.509050 0.012285 0.009410
0 0.693024 0.501615 0.016670 0.010461
0 0.475795 0.317051 0.018634 0.016186
0 0.462341 0.310998 0.013161 0.008837
0 0.482292 0.303774 0.015370 0.010350
0 0.422545 0.301724 0.013370 0.009554
0 0.415964 0.324939 0.015790 0.010345
0 0.379062 0.287626 0.018846 0.012168
0 0.472025 0.249650 0.017159 0.015476
0 0.527194 0.283879 0.014633 0.015397
0 0.584993 0.264020 0.020741 0.015635
0 0.590893 0.279578 0.014643 0.012321
0 0.640529 0.274360 0.021898 0.013904
0 0.647687 0.250164 0.018740 0.011766
0 0.619367 0.259359 0.015579 0.011520
0 0.599079 0.241446 0.015479 0.011369
0 0.613313 0.222603 0.016528 0.012562
0 0.623051 0.209100 0.016214 0.011756
0 0.633264 0.203853 0.013267 0.008842
0 0.696536 0.189719 0.014739 0.013266
