0 0.647181 0.217128 0.012106 0.008800
0 0.528601 0.294820 0.017983 0.012398
0 0.532221 0.308911 0.015718 0.011190
0 0.570640 0.439473 0.011088 0.007815
0 0.578318 0.442717 0.009263 0.006625
0 0.591447 0.431339 0.011392 0.008180
0 0.586391 0.426359 0.010175 0.007723
0 0.598198 0.409488 0.017057 0.012979
0 0.621819 0.404996 0.009993 0.007770
0 0.627789 0.400587 0.010843 0.007721
0 0.630837 0.382674 0.008287 0.006260
0 0.628338 0.374679 0.017669 0.010647
0 0.601804 0.373124 0.015050 0.010831
0 0.608843 0.351876 0.011819 0.010191
0 0.603146 0.364306 0.007616 0.004980
0 0.579079 0.372143 0.010175 0.007951
0 0.579018 0.378311 0.006640 0.004663
0 0.558413 0.386915 0.008651 0.006215
0 0.532867 0.396269 0.009868 0.007130
0 0.531344 0.410892 0.008409 0.005940
0 0.509287 0.395264 0.011941 0.008683
0 0.517057 0.422314 0.009563 0.007584
0 0.542106 0.423095 0.009173 0.007629
0 0.562131 0.354454 0.026101 0.016012
0 0.627186 0.334592 0.010820 0.011625
0 0.643562 0.329988 0.016230 0.013051
0 0.646194 0.314497 0.009795 0.006746
0 0.669223 0.296840 0.010820 0.007073
0 0.671088 0.289794 0.010893 0.007897
0 0.636468 0.287684 0.010675 0.008279
0 0.648570 0.267395 0.010308 0.007731
0 0.625832 0.260678 0.013231 0.008554
0 0.605106 0.278965 0.012282 0.008609
0 0.704031 0.290666 0.022811 0.013817
0 0.740369 0.288171 0.013158 0.010032
0 0.767055 0.290117 0.011551 0.010089
0 0.749947 0.276683 0.009213 0.007676
0 0.743110 0.273942 0.011333 0.007567
0 0.740010 0.337290 0.013234 0.009432
0 0.748024 0.332119 0.012576 0.007622
0 0.677012 0.354886 0.010790 0.007500
0 0.672232 0.364526 0.011230 0.007436
0 0.720835 0.380383 0.012106 0.009278
0 0.667538 0.392458 0.013072 0.010526
0 0.656265 0.390977 0.011055 0.009410
0 0.657321 0.413593 0.019815 0.009705
0 0.486139 0.362736 0.010711 0.005675
0 0.484896 0.358204 0.009441 0.005903
0 0.442872 0.366044 0.014726 0.008418
0 0.433633 0.377468 0.014216 0.008418
0 0.432388 0.388454 0.011323 0.008301
0 0.439826 0.396641 0.009038 0.005866
0 0.444777 0.394355 0.007768 0.007158
0 0.443383 0.405947 0.009431 0.007237
0 0.407374 0.417298 0.008042 0.006362
0 0.408361 0.412473 0.011769 0.006032
0 0.400868 0.402164 0.009210 0.006580
0 0.400174 0.407045 0.006214 0.005156
0 0.403866 0.399148 0.005701 0.003291
0 0.384185 0.364203 0.010162 0.007349
0 0.391751 0.367219 0.011260 0.007458
0 0.361483 0.348795 0.009798 0.007237
0 0.485253 0.462054 0.009871 0.009871
0 0.493368 0.460326 0.009137 0.006744
0 0.489826 0.455665 0.009368 0.006086
0 0.518593 0.455501 0.012794 0.009048
0 0.530546 0.457037 0.010966 0.009377
0 0.545904 0.455885 0.008912 0.006964
0 0.523203 0.467866 0.010023 0.007567
0 0.562912 0.416080 0.010665 0.007577
0 0.568902 0.408921 0.010966 0.008036
0 0.704983 0.316964 0.012546 0.008686
0 0.473388 0.289557 0.011114 0.009432
0 0.481802 0.294438 0.012136 0.006907
0 0.485890 0.302390 0.010384 0.007567
0 0.468487 0.300306 0.012722 0.007676
0 0.443123 0.303377 0.011558 0.007458
0 0.460957 0.279495 0.009944 0.007512
0 0.464142 0.272181 0.012655 0.008103
0 0.470104 0.267214 0.008919 0.006962
0 0.485458 0.274232 0.009210 0.007403
0 0.473026 0.259098 0.009220 0.007840
0 0.445025 0.267488 0.010096 0.007401
0 0.414390 0.270888 0.011703 0.008170
0 0.407842 0.276316 0.017913 0.010692
0 0.380795 0.271518 0.009719 0.008224
0 0.795041 0.368843 0.022517 0.013544
0 0.778489 0.383894 0.011329 0.006910
0 0.777371 0.408776 0.017546 0.012106
0 0.767720 0.419370 0.012106 0.008686
0 0.737849 0.407197 0.009739 0.007763
0 0.741488 0.417165 0.011581 0.007961
0 0.744552 0.439359 0.011478 0.007676
0 0.748973 0.443389 0.007021 0.004660
0 0.776098 0.437933 0.010238 0.007349
0 0.788672 0.438178 0.015208 0.010474
0 0.778730 0.453615 0.011402 0.007016
0 0.764912 0.459015 0.011842 0.008061
0 0.748499 0.465706 0.009868 0.008390
0 0.730258 0.472396 0.010384 0.007073
0 0.771346 0.480868 0.013016 0.010198
0 0.757052 0.490490 0.012940 0.008390
0 0.776939 0.500991 0.017034 0.006689
0 0.730258 0.518455 0.012282 0.007951
0 0.707191 0.519361 0.015136 0.011625
0 0.697650 0.532302 0.008773 0.008224
0 0.682533 0.504782 0.010906 0.009499
0 0.688565 0.499188 0.011759 0.007631
0 0.571467 0.496357 0.014256 0.010089
0 0.582323 0.502609 0.011114 0.007019
0 0.578998 0.509655 0.010747 0.008829
0 0.601480 0.489421 0.009944 0.006853
0 0.597459 0.484349 0.009944 0.007894
0 0.566640 0.479881 0.013671 0.010035
0 0.540101 0.494630 0.009871 0.006964
0 0.533156 0.500113 0.008409 0.006634
0 0.519302 0.498743 0.010966 0.007842
0 0.505446 0.494275 0.012646 0.008663
0 0.603385 0.448170 0.011875 0.009286
0 0.605911 0.416571 0.013390 0.010518
0 0.632632 0.429789 0.010231 0.008338
0 0.627641 0.448834 0.009349 0.007202
0 0.658404 0.453713 0.010989 0.007297
0 0.661625 0.459351 0.009600 0.007011
0 0.679187 0.454519 0.011118 0.007768
0 0.693464 0.461341 0.010863 0.007582
0 0.703886 0.459730 0.011243 0.011181
0 0.568411 0.324733 0.022424 0.020216
0 0.562252 0.285964 0.012216 0.009477
0 0.542249 0.255682 0.015794 0.013502
0 0.528509 0.248260 0.018003 0.016188
0 0.520349 0.237837 0.008423 0.006711
0 0.528036 0.237680 0.009683 0.007185
0 0.505663 0.229546 0.009368 0.007659
0 0.499769 0.238508 0.012738 0.008371
0 0.493715 0.243957 0.012212 0.008053
0 0.586445 0.228772 0.014425 0.016503
0 0.617283 0.207832 0.011055 0.010739
0 0.689120 0.272161 0.012546 0.009606
0 0.739401 0.257308 0.015648 0.020057
0 0.465785 0.505215 0.016220 0.011257
0 0.444183 0.518177 0.011825 0.008755
0 0.420987 0.525057 0.012735 0.008641
0 0.433646 0.505045 0.008945 0.006820
0 0.451308 0.485033 0.010916 0.008415
0 0.448277 0.457289 0.009702 0.007505
0 0.418107 0.425851 0.010916 0.011255
0 0.424550 0.431820 0.010159 0.007049
0 0.475564 0.414082 0.009097 0.009777
0 0.506038 0.434891 0.010007 0.010233
0 0.479658 0.442679 0.010916 0.008755
0 0.702779 0.411652 0.013006 0.011657
0 0.484365 0.529738 0.011581 0.006868
0 0.479101 0.536252 0.007791 0.008527
0 0.498841 0.535148 0.008317 0.008371
0 0.505685 0.515564 0.007262 0.005211
0 0.460466 0.532541 0.011792 0.007106
0 0.527224 0.524071 0.009124 0.007106
0 0.567145 0.528052 0.010354 0.007567
0 0.604299 0.533744 0.011495 0.008817
0 0.355924 0.539627 0.022900 0.016317
0 0.440650 0.545739 0.016524 0.014325
0 0.425904 0.536318 0.011882 0.007631
0 0.363808 0.439479 0.015896 0.010422
0 0.357596 0.445717 0.010212 0.007897
0 0.390957 0.450970 0.012292 0.007505
0 0.408816 0.458152 0.010741 0.008765
0 0.355122 0.460246 0.009894 0.006473
0 0.336963 0.419699 0.010843 0.007344
0 0.341490 0.412277 0.010003 0.008447
0 0.326486 0.418673 0.010737 0.007817
0 0.282270 0.414173 0.009686 0.007344
0 0.372652 0.500677 0.011852 0.008824
0 0.355064 0.483022 0.011624 0.007949
0 0.367894 0.511290 0.012282 0.008224
0 0.364641 0.527246 0.008846 0.006580
0 0.379191 0.518336 0.011333 0.006964
0 0.392219 0.551443 0.009140 0.007292
0 0.384739 0.552008 0.008042 0.007567
0 0.378201 0.551844 0.007831 0.006689
0 0.425334 0.574652 0.014213 0.012001
0 0.437073 0.584165 0.009894 0.007344
0 0.384117 0.588232 0.011792 0.007738
0 0.367956 0.583377 0.012950 0.008132
0 0.364220 0.576863 0.016845 0.008844
0 0.333634 0.583099 0.011898 0.007264
0 0.494289 0.568625 0.010880 0.007041
0 0.487753 0.565468 0.010790 0.007830
0 0.481701 0.548359 0.010440 0.007567
0 0.500036 0.554380 0.010615 0.007237
0 0.500694 0.549049 0.008598 0.005791
0 0.358148 0.303234 0.011673 0.008527
0 0.449833 0.240763 0.013687 0.009387
0 0.427436 0.240019 0.012252 0.008906
0 0.712983 0.248917 0.014259 0.009735
0 0.696257 0.242702 0.010536 0.007904
0 0.675450 0.238774 0.009378 0.008544
0 0.668229 0.235346 0.011399 0.008728
0 0.645230 0.224105 0.010605 0.006811
0 0.632422 0.209940 0.010579 0.008219
0 0.645309 0.176293 0.010896 0.008445
0 0.667536 0.169165 0.010747 0.008772
0 0.641764 0.162531 0.010235 0.007458
0 0.625349 0.169303 0.014110 0.009266
0 0.626725 0.198801 0.010175 0.008157
0 0.638348 0.193602 0.010089 0.008554
0 0.626812 0.186693 0.011230 0.008554
0 0.621943 0.194096 0.009739 0.007170
0 0.616020 0.190543 0.009653 0.008224
0 0.685594 0.186430 0.008244 0.007369
0 0.702612 0.172547 0.011230 0.009871
0 0.713975 0.170014 0.014478 0.009278
0 0.640322 0.124413 0.012106 0.010593
0 0.635408 0.134612 0.011405 0.008752
0 0.656510 0.133725 0.012543 0.008948
0 0.652035 0.125697 0.009210 0.008160
0 0.660721 0.122603 0.010093 0.008291
0 0.670810 0.124446 0.007983 0.009080
0 0.678004 0.127769 0.006405 0.008881
0 0.687128 0.127308 0.010089 0.012304
0 0.692130 0.121749 0.008512 0.007371
0 0.701167 0.120005 0.006931 0.007436
0 0.702702 0.127934 0.012983 0.014474
0 0.725995 0.131585 0.011667 0.009147
0 0.739683 0.136455 0.012196 0.011515
0 0.742226 0.149943 0.011845 0.009936
0 0.766220 0.160011 0.012632 0.010464
0 0.672564 0.147056 0.014845 0.009633
0 0.698148 0.146150 0.010847 0.009239
0 0.373441 0.258833 0.012212 0.008688
0 0.363282 0.256582 0.008528 0.006711
0 0.359544 0.252318 0.011369 0.006238
0 0.342331 0.249516 0.017374 0.012475
0 0.354228 0.239211 0.016108 0.009236
0 0.335489 0.256662 0.008948 0.006553
0 0.318590 0.254609 0.011161 0.007344
0 0.296903 0.252476 0.012212 0.007502
0 0.378467 0.236721 0.012437 0.009787
0 0.402560 0.240776 0.007718 0.006855
0 0.382657 0.230019 0.010559 0.007195
0 0.374836 0.230456 0.008224 0.006091
0 0.369583 0.234836 0.010410 0.007312
0 0.521655 0.340631 0.015499 0.011570
0 0.596376 0.315928 0.008922 0.008115
0 0.620430 0.320205 0.012282 0.009105
0 0.772004 0.338881 0.012943 0.008775
0 0.821329 0.341974 0.012612 0.009187
0 0.778436 0.308731 0.012249 0.009323
0 0.781635 0.301078 0.011452 0.008361
0 0.838848 0.305857 0.015129 0.010702
0 0.829099 0.314938 0.009137 0.007158
0 0.833973 0.321564 0.018581 0.007691
0 0.878246 0.300544 0.013813 0.012413
0 0.888755 0.303648 0.010460 0.009330
0 0.906199 0.312081 0.012338 0.008834
0 0.799987 0.283394 0.011151 0.007676
0 0.819573 0.274963 0.012917 0.009003
0 0.829352 0.273659 0.011270 0.008956
0 0.810222 0.263769 0.012004 0.008088
0 0.794076 0.252299 0.013833 0.009276
0 0.809124 0.247752 0.009444 0.009963
0 0.816070 0.252093 0.011147 0.008408
0 0.696095 0.277525 0.010265 0.006974
0 0.697323 0.272589 0.007986 0.006052
0 0.677584 0.287888 0.007808 0.005593
0 0.605835 0.288276 0.009825 0.006513
0 0.569337 0.275083 0.008423 0.005657
0 0.561835 0.277682 0.010615 0.008356
0 0.552624 0.282617 0.010089 0.009147
0 0.541569 0.283243 0.021319 0.013817
0 0.531437 0.279756 0.008773 0.006843
0 0.523320 0.284394 0.008512 0.005856
0 0.505861 0.289855 0.009038 0.006381
0 0.499676 0.285448 0.010529 0.007830
0 0.517574 0.265510 0.012106 0.008619
0 0.480202 0.317907 0.009504 0.006260
0 0.474658 0.321219 0.009018 0.005940
0 0.468980 0.317855 0.009382 0.007495
0 0.426402 0.303812 0.010265 0.007436
0 0.424033 0.298647 0.010089 0.007106
0 0.421619 0.314866 0.008423 0.007302
0 0.398133 0.300079 0.007371 0.005461
0 0.628031 0.541376 0.011055 0.007659
0 0.662143 0.540525 0.013161 0.009159
0 0.649087 0.530614 0.011263 0.007344
0 0.632927 0.550078 0.012632 0.008053
0 0.690726 0.556198 0.012847 0.011766
0 0.665617 0.562001 0.009580 0.005367
0 0.661090 0.565713 0.006630 0.005687
0 0.668039 0.566266 0.007685 0.006476
0 0.601711 0.563976 0.012530 0.008527
0 0.587078 0.565831 0.010843 0.007659
0 0.570127 0.567648 0.013158 0.009239
0 0.556650 0.561133 0.010423 0.006949
0 0.531278 0.556198 0.011895 0.007976
0 0.522487 0.564370 0.011369 0.006949
0 0.515698 0.571200 0.014213 0.008606
0 0.564388 0.582965 0.010317 0.007974
0 0.567495 0.592717 0.012741 0.009948
0 0.573864 0.603890 0.008634 0.007026
0 0.578654 0.600455 0.009372 0.006634
0 0.634086 0.594256 0.010949 0.009712
0 0.586655 0.612693 0.013581 0.011528
0 0.614082 0.619524 0.009897 0.008447
0 0.599554 0.621064 0.008843 0.009474
0 0.576391 0.629000 0.009263 0.006870
0 0.572758 0.633935 0.007897 0.006634
0 0.562389 0.637014 0.011161 0.007738
0 0.567179 0.644555 0.008108 0.006714
0 0.573285 0.642344 0.008528 0.007817
0 0.590881 0.670326 0.014626 0.011228
0 0.665880 0.580305 0.012421 0.009395
0 0.681283 0.589929 0.011687 0.009159
0 0.761242 0.552542 0.013476 0.009554
0 0.722237 0.591587 0.013793 0.009633
0 0.751136 0.591904 0.013899 0.009948
0 0.774401 0.586534 0.009478 0.008212
0 0.766824 0.597036 0.013476 0.013423
0 0.736450 0.534973 0.009580 0.006002
0 0.769982 0.522972 0.009897 0.006317
0 0.770771 0.518392 0.009583 0.006158
0 0.808085 0.495254 0.013042 0.009630
0 0.788563 0.484395 0.012741 0.007827
0 0.800142 0.481477 0.011687 0.010027
0 0.813466 0.474647 0.010324 0.007736
0 0.823568 0.485899 0.014107 0.011133
0 0.838940 0.436194 0.012001 0.010424
0 0.853469 0.435482 0.011792 0.010107
0 0.868996 0.447919 0.013370 0.010342
0 0.883211 0.442155 0.013161 0.012396
0 0.895422 0.438682 0.012318 0.009397
0 0.889421 0.415428 0.015476 0.010424
0 0.839018 0.377445 0.016892 0.013819
0 0.827503 0.373689 0.014478 0.008609
0 0.855651 0.367328 0.013598 0.009487
0 0.890475 0.371944 0.013085 0.009102
0 0.883140 0.364642 0.016961 0.008718
0 0.865777 0.346355 0.011918 0.008336
0 0.882095 0.405376 0.011055 0.007974
0 0.873725 0.402966 0.009474 0.006791
0 0.866776 0.400836 0.011157 0.007579
0 0.887517 0.391559 0.010529 0.008132
0 0.948001 0.408140 0.010843 0.008606
0 0.955843 0.405889 0.011369 0.006947
0 0.915033 0.382099 0.011118 0.008053
0 0.872546 0.488363 0.014425 0.010109
0 0.912288 0.489508 0.017685 0.011451
0 0.905929 0.530629 0.009431 0.007185
0 0.902340 0.539102 0.010731 0.007460
0 0.832738 0.551026 0.011581 0.008212
0 0.805470 0.555370 0.010317 0.006949
0 0.797102 0.556592 0.009792 0.006870
0 0.803996 0.561251 0.010949 0.007026
0 0.842846 0.564568 0.010526 0.006711
0 0.874798 0.558132 0.012738 0.009315
0 0.865217 0.571358 0.009792 0.006396
0 0.881432 0.573648 0.007474 0.006081
0 0.867533 0.580202 0.011898 0.007661
0 0.874535 0.576372 0.013687 0.010580
0 0.890486 0.561647 0.011475 0.007659
0 0.894696 0.567686 0.011687 0.007897
0 0.830349 0.584885 0.017900 0.011372
0 0.791068 0.612272 0.013267 0.008929
0 0.737717 0.645619 0.012371 0.010330
0 0.702842 0.643743 0.012285 0.009082
0 0.861276 0.275626 0.015615 0.009209
0 0.895279 0.283779 0.012583 0.011029
0 0.906954 0.282357 0.015007 0.009551
0 0.900739 0.247791 0.017133 0.012051
0 0.936668 0.273152 0.014097 0.010243
0 0.554001 0.190929 0.014735 0.011327
0 0.542085 0.209963 0.010188 0.008185
0 0.463057 0.190861 0.016372 0.011870
0 0.467232 0.217125 0.012255 0.009286
0 0.446007 0.195853 0.011749 0.009191
0 0.432741 0.168423 0.015284 0.011369
0 0.591877 0.199944 0.012212 0.007582
0 0.481634 0.657820 0.012255 0.011086
0 0.492057 0.649196 0.010106 0.008433
0 0.523704 0.636074 0.010231 0.007768
