0 0.549747 0.212158 0.012722 0.009410
0 0.527543 0.698507 0.013466 0.009643
0 0.503355 0.699169 0.014196 0.010600
0 0.492145 0.677716 0.013343 0.010283
0 0.477703 0.683770 0.012854 0.009231
0 0.458237 0.691447 0.014378 0.010508
0 0.383768 0.658274 0.014196 0.009916
0 0.426281 0.644365 0.014329 0.010362
0 0.449201 0.658485 0.012794 0.009980
0 0.455613 0.649485 0.014038 0.009377
0 0.489210 0.632350 0.010893 0.008554
0 0.472760 0.633392 0.011478 0.012612
0 0.504921 0.608168 0.013161 0.009759
0 0.452287 0.624948 0.012503 0.008442
0 0.429954 0.613790 0.009802 0.006746
0 0.434464 0.608730 0.010615 0.007634
0 0.452226 0.603900 0.012097 0.009159
0 0.449334 0.582871 0.011405 0.007894
0 0.467925 0.565454 0.010790 0.008487
0 0.438896 0.573166 0.010880 0.008619
0 0.429507 0.575009 0.011759 0.010067
0 0.391782 0.576520 0.012632 0.009410
0 0.233879 0.475945 0.009563 0.006910
0 0.226553 0.472623 0.010354 0.008028
0 0.219798 0.469234 0.008247 0.006647
0 0.369567 0.653781 0.012612 0.009824
0 0.356777 0.641435 0.012979 0.011148
0 0.391025 0.611822 0.011779 0.009482
0 0.376782 0.602092 0.016706 0.012641
0 0.353021 0.614772 0.011015 0.009137
0 0.308127 0.605002 0.014805 0.010923
0 0.296462 0.613606 0.014074 0.015536
0 0.244248 0.577096 0.012854 0.009504
0 0.267930 0.583658 0.015172 0.010055
0 0.275362 0.574679 0.011273 0.007359
0 0.264487 0.568967 0.012063 0.008455
0 0.253064 0.564125 0.015658 0.008819
0 0.304051 0.547898 0.013558 0.009139
0 0.288694 0.530934 0.012593 0.008797
0 0.294272 0.519663 0.014874 0.015422
0 0.254041 0.523261 0.013049 0.015536
0 0.288656 0.484492 0.017179 0.008442
0 0.266101 0.478816 0.014332 0.014531
0 0.323429 0.403286 0.012540 0.009152
0 0.294850 0.404113 0.013899 0.009239
0 0.301478 0.397755 0.013697 0.009633
0 0.287106 0.386978 0.014200 0.010345
0 0.264254 0.378726 0.012530 0.009948
0 0.224588 0.306952 0.014110 0.009211
0 0.257892 0.324060 0.015354 0.010308
0 0.298869 0.336316 0.013671 0.010583
0 0.266298 0.346486 0.012576 0.009980
0 0.229654 0.361912 0.012867 0.010089
0 0.207262 0.397757 0.014987 0.011515
0 0.207480 0.417551 0.023909 0.013048
0 0.186534 0.416866 0.014034 0.009487
0 0.211685 0.448285 0.012867 0.008718
0 0.210185 0.438141 0.010456 0.006634
0 0.233874 0.434523 0.013965 0.009705
0 0.241248 0.420930 0.018072 0.012436
0 0.275903 0.435537 0.011931 0.008752
0 0.292222 0.436393 0.020529 0.011515
0 0.307975 0.464691 0.012556 0.008762
0 0.331133 0.480281 0.012722 0.009015
0 0.376973 0.488276 0.014388 0.009871
0 0.380043 0.479163 0.010179 0.007304
0 0.394694 0.463404 0.011405 0.007631
0 0.392720 0.442944 0.013072 0.009201
0 0.445931 0.465476 0.014739 0.009673
0 0.458652 0.482519 0.016670 0.010464
0 0.661265 0.523088 0.011458 0.007778
0 0.670542 0.537072 0.012553 0.010097
0 0.690646 0.556447 0.014554 0.009005
0 0.730942 0.527930 0.013280 0.007914
0 0.734125 0.537550 0.017100 0.013234
0 0.816796 0.499473 0.010463 0.008415
0 0.822027 0.494640 0.011825 0.007163
0 0.832941 0.496290 0.011220 0.009325
0 0.804894 0.495608 0.014557 0.008413
0 0.787915 0.496290 0.013945 0.009097
0 0.773360 0.499871 0.013948 0.008299
0 0.750620 0.501406 0.011822 0.007277
0 0.764492 0.472924 0.012887 0.009211
0 0.529425 0.331084 0.014735 0.011324
0 0.543342 0.349777 0.013099 0.010233
0 0.547616 0.362397 0.013280 0.010097
0 0.533881 0.363352 0.012007 0.009824
0 0.577634 0.345479 0.011822 0.010918
0 0.592644 0.355507 0.012371 0.010781
0 0.622297 0.354687 0.011280 0.007778
0 0.634304 0.375702 0.013462 0.009142
0 0.695453 0.309386 0.014769 0.013549
0 0.556273 0.261324 0.012546 0.012832
0 0.559099 0.270378 0.010876 0.008093
0 0.574410 0.271825 0.010089 0.008224
0 0.598889 0.243657 0.015159 0.007894
0 0.569886 0.252579 0.012318 0.006791
0 0.508204 0.367846 0.010443 0.009601
0 0.658457 0.421863 0.012318 0.008527
0 0.658562 0.407216 0.014001 0.009239
0 0.668934 0.382541 0.013264 0.009159
0 0.716625 0.406150 0.012636 0.008371
0 0.408533 0.503354 0.012100 0.012140
0 0.376551 0.553854 0.014008 0.008323
0 0.364010 0.552933 0.010479 0.008271
0 0.367093 0.537626 0.010317 0.007579
0 0.360577 0.528158 0.013899 0.008371
0 0.381948 0.515289 0.012004 0.009159
0 0.899749 0.547060 0.014008 0.009824
0 0.806339 0.543724 0.015298 0.011610
0 0.782135 0.524957 0.015645 0.011734
0 0.901961 0.240088 0.014213 0.010975
0 0.895856 0.248416 0.014636 0.010260
0 0.886169 0.256394 0.013158 0.009474
0 0.855427 0.243720 0.014425 0.012237
0 0.840794 0.249247 0.015476 0.010975
0 0.866305 0.218036 0.012636 0.008433
0 0.855187 0.213677 0.014653 0.011084
0 0.790124 0.198896 0.016677 0.010139
0 0.827265 0.229406 0.015919 0.011277
0 0.807596 0.265372 0.013862 0.011647
0 0.777197 0.264844 0.013423 0.009147
0 0.813474 0.244710 0.013687 0.010069
0 0.756184 0.227241 0.012282 0.008554
0 0.767019 0.239149 0.012371 0.010000
0 0.776845 0.247572 0.014649 0.009345
0 0.721063 0.230420 0.013952 0.010419
0 0.702108 0.236745 0.016134 0.009998
0 0.696966 0.219979 0.015354 0.010375
0 0.729486 0.211711 0.012457 0.009673
0 0.717467 0.210164 0.013684 0.010660
0 0.743479 0.205196 0.012546 0.008621
0 0.730101 0.187068 0.017722 0.011319
0 0.764539 0.185836 0.016677 0.013075
0 0.766508 0.169349 0.015767 0.015350
0 0.747900 0.138870 0.012553 0.007721
0 0.770637 0.155466 0.014190 0.010506
0 0.724430 0.156081 0.014190 0.012555
0 0.720336 0.136296 0.016558 0.011461
0 0.611726 0.107848 0.016190 0.011873
0 0.387386 0.138521 0.012192 0.009541
0 0.393307 0.147075 0.011931 0.008619
0 0.749745 0.260512 0.013267 0.010613
0 0.703191 0.255301 0.013896 0.009095
0 0.719487 0.284864 0.012381 0.009286
0 0.689651 0.279323 0.012530 0.009474
0 0.678282 0.261834 0.015268 0.010345
0 0.659752 0.258202 0.015265 0.009554
0 0.647604 0.213462 0.016108 0.010501
0 0.667712 0.239954 0.009372 0.007106
0 0.669606 0.224359 0.011263 0.008450
0 0.656710 0.227872 0.012632 0.009474
0 0.643915 0.229683 0.012103 0.009960
0 0.617181 0.136283 0.015995 0.010687
0 0.648032 0.172204 0.014530 0.009571
0 0.637042 0.184901 0.015539 0.010516
0 0.633188 0.196318 0.013896 0.011749
0 0.622154 0.167320 0.013833 0.010831
0 0.597295 0.175243 0.012123 0.008591
0 0.585385 0.177211 0.013403 0.010513
0 0.556111 0.187878 0.012612 0.008638
0 0.565767 0.180572 0.012672 0.009735
0 0.542493 0.182237 0.013770 0.009692
0 0.547488 0.167024 0.014501 0.009504
0 0.558363 0.157336 0.013221 0.009320
0 0.568416 0.142550 0.014074 0.011012
0 0.548158 0.142666 0.015231 0.011885
0 0.534147 0.150751 0.016085 0.010967
0 0.543242 0.123919 0.016452 0.012292
0 0.604010 0.226107 0.014038 0.010727
0 0.555668 0.230681 0.012460 0.008291
0 0.528338 0.251670 0.013773 0.010791
0 0.500790 0.285088 0.007791 0.006317
0 0.496734 0.278574 0.012318 0.008765
0 0.496210 0.303248 0.014425 0.009948
0 0.529163 0.293772 0.011687 0.008527
0 0.538533 0.293852 0.009792 0.007108
0 0.538428 0.301234 0.012106 0.008291
0 0.572169 0.294089 0.013267 0.010265
0 0.596910 0.320336 0.015162 0.010107
0 0.628652 0.303082 0.016948 0.012081
0 0.651710 0.300398 0.016528 0.010503
0 0.697138 0.293805 0.013687 0.010422
0 0.679398 0.308333 0.014425 0.011210
0 0.663027 0.309201 0.013476 0.010739
0 0.660184 0.321085 0.012636 0.008291
0 0.576121 0.332117 0.011369 0.007865
0 0.785762 0.298424 0.014858 0.009095
0 0.803575 0.303938 0.014101 0.009211
0 0.839732 0.305644 0.013948 0.009893
0 0.853530 0.317583 0.012735 0.008301
0 0.877406 0.288873 0.012887 0.008187
0 0.921978 0.281596 0.016224 0.011143
0 0.918719 0.307065 0.015162 0.009095
0 0.915990 0.299561 0.014249 0.008413
0 0.916147 0.314399 0.012718 0.008301
0 0.930165 0.340267 0.015311 0.010459
0 0.945476 0.359653 0.012282 0.009891
0 0.902803 0.394519 0.010843 0.007738
0 0.870008 0.369623 0.011372 0.008606
0 0.841131 0.362706 0.014914 0.011682
0 0.824315 0.354563 0.013889 0.013051
0 0.810852 0.354547 0.013773 0.011218
0 0.814841 0.327662 0.014530 0.009397
0 0.791311 0.332558 0.012741 0.010027
0 0.774835 0.328769 0.012004 0.008291
0 0.741091 0.335401 0.011475 0.009397
0 0.730564 0.333663 0.011055 0.008924
0 0.675398 0.346927 0.014216 0.010972
0 0.690979 0.363313 0.011475 0.007738
0 0.696136 0.368170 0.011055 0.006711
0 0.714772 0.362090 0.012950 0.009080
0 0.745987 0.361656 0.014950 0.011054
0 0.859354 0.375537 0.013899 0.009477
0 0.825400 0.374470 0.012950 0.008762
0 0.794659 0.377707 0.013161 0.009239
0 0.806503 0.383906 0.012636 0.008844
0 0.739069 0.389355 0.014845 0.009474
0 0.765865 0.401910 0.015374 0.008686
0 0.807588 0.406632 0.014739 0.009633
0 0.969803 0.431851 0.011161 0.008053
0 0.868104 0.399082 0.014950 0.007897
0 0.873998 0.405479 0.012844 0.008056
0 0.883209 0.414085 0.013581 0.008368
0 0.898950 0.408281 0.013476 0.007976
0 0.965539 0.390831 0.015476 0.011290
0 0.947958 0.397307 0.013581 0.009712
0 0.927743 0.403465 0.014633 0.009082
0 0.937431 0.412584 0.014213 0.009792
0 0.916584 0.432049 0.013161 0.008765
0 0.894368 0.427114 0.014213 0.010107
0 0.832469 0.438886 0.013423 0.009082
0 0.805666 0.438492 0.013337 0.009871
0 0.794306 0.431156 0.010265 0.008224
0 0.792022 0.421318 0.012371 0.010265
0 0.781892 0.422009 0.011581 0.009013
0 0.780046 0.430595 0.011581 0.009474
0 0.760002 0.415889 0.012722 0.008752
0 0.758027 0.423554 0.013687 0.008160
0 0.725476 0.423884 0.014563 0.009871
0 0.749385 0.436749 0.014478 0.009673
0 0.741007 0.445533 0.011055 0.006448
0 0.601974 0.402320 0.011263 0.009239
0 0.554484 0.398787 0.011845 0.007173
0 0.554922 0.404841 0.010089 0.006384
0 0.536981 0.405960 0.013862 0.010069
0 0.284740 0.552493 0.013039 0.008527
0 0.524795 0.419404 0.010529 0.007041
0 0.504441 0.437400 0.016845 0.011714
0 0.512569 0.325437 0.015265 0.010580
0 0.496042 0.318961 0.011687 0.008686
0 0.484881 0.323146 0.012950 0.009318
0 0.485040 0.332188 0.013056 0.009712
0 0.471880 0.334438 0.012424 0.009000
0 0.495355 0.344702 0.013476 0.009315
0 0.492712 0.360584 0.012063 0.009705
0 0.504079 0.373963 0.011260 0.007951
0 0.492966 0.376305 0.012209 0.009048
0 0.492644 0.388331 0.012245 0.009687
0 0.464322 0.381460 0.012136 0.008227
0 0.459463 0.387355 0.011630 0.006853
0 0.471852 0.392042 0.013743 0.008554
0 0.531491 0.192077 0.017738 0.012165
0 0.437240 0.124964 0.014950 0.009397
0 0.454613 0.129898 0.018320 0.011369
0 0.499357 0.148296 0.010949 0.008527
0 0.495146 0.155166 0.012632 0.008844
0 0.487145 0.164957 0.013052 0.010895
0 0.468404 0.155600 0.013687 0.010501
0 0.445663 0.182289 0.013476 0.010818
0 0.420208 0.182426 0.014425 0.010035
0 0.390182 0.154297 0.012632 0.009159
0 0.354387 0.181698 0.012001 0.008212
0 0.362019 0.189237 0.010420 0.008132
0 0.336172 0.209846 0.011161 0.009871
0 0.312116 0.195676 0.015899 0.011218
0 0.224727 0.274893 0.013337 0.009673
0 0.259001 0.246792 0.014530 0.010186
0 0.272371 0.255832 0.014107 0.009948
0 0.294271 0.252398 0.014739 0.009871
0 0.458165 0.209747 0.013380 0.009926
0 0.456229 0.222277 0.012431 0.008666
0 0.485217 0.243937 0.009137 0.006580
0 0.479734 0.238617 0.011624 0.008227
0 0.454473 0.253834 0.015208 0.011131
0 0.445772 0.243059 0.014329 0.010747
0 0.420329 0.256329 0.011405 0.008333
0 0.417588 0.236204 0.013819 0.011515
0 0.400956 0.227514 0.010093 0.007731
0 0.382159 0.227428 0.013003 0.008656
0 0.378803 0.241112 0.011554 0.008827
0 0.351129 0.261784 0.011478 0.007731
0 0.408697 0.251210 0.012282 0.008686
0 0.340187 0.553299 0.011577 0.008180
0 0.527913 0.563878 0.014372 0.010246
0 0.613146 0.520427 0.011644 0.009003
0 0.904208 0.270641 0.012021 0.009080
0 0.893462 0.275017 0.011931 0.009013
0 0.441918 0.520413 0.013102 0.008460
0 0.466500 0.532698 0.012444 0.008348
0 0.479162 0.528441 0.012880 0.007041
0 0.476870 0.521647 0.010043 0.007202
0 0.492479 0.518126 0.015936 0.009988
0 0.481999 0.511249 0.010698 0.007696
0 0.466281 0.511003 0.014190 0.009824
0 0.472503 0.493566 0.013975 0.007039
0 0.477961 0.487099 0.015281 0.007532
0 0.520967 0.480827 0.013753 0.008187
0 0.538871 0.476244 0.014626 0.009824
0 0.548366 0.460852 0.016594 0.010479
0 0.534611 0.453652 0.010916 0.007850
0 0.512346 0.453648 0.011353 0.006875
0 0.522819 0.440304 0.013092 0.010315
0 0.543831 0.508555 0.011280 0.007641
0 0.523094 0.521654 0.010552 0.007639
0 0.531915 0.532161 0.013280 0.007641
0 0.549745 0.542463 0.014735 0.009415
0 0.496987 0.542326 0.008915 0.006959
0 0.505536 0.544782 0.012553 0.008869
0 0.513087 0.561906 0.012371 0.008733
0 0.560843 0.565180 0.011462 0.009551
0 0.571485 0.567703 0.010185 0.007778
0 0.576761 0.514287 0.012735 0.010642
0 0.581672 0.490135 0.015281 0.009824
0 0.599139 0.499891 0.014190 0.007505
0 0.603958 0.508624 0.012553 0.009142
0 0.645982 0.522951 0.014008 0.010233
0 0.648439 0.495730 0.014193 0.011461
0 0.654716 0.490887 0.010734 0.006957
0 0.682913 0.481881 0.015463 0.010508
0 0.690010 0.505623 0.015099 0.012416
0 0.701562 0.500778 0.012007 0.009005
0 0.406409 0.266608 0.012447 0.009740
0 0.389044 0.247821 0.011931 0.008093
0 0.373692 0.251112 0.012106 0.008752
0 0.390317 0.262955 0.012196 0.009541
0 0.384788 0.268943 0.010966 0.008750
0 0.349344 0.267102 0.012371 0.007567
0 0.326139 0.271316 0.014388 0.010856
0 0.260033 0.275852 0.015880 0.009804
0 0.301397 0.277202 0.017371 0.011582
0 0.380210 0.284270 0.016002 0.010414
0 0.374894 0.291026 0.010635 0.007344
0 0.384317 0.294298 0.010109 0.008061
0 0.355154 0.298764 0.014950 0.010186
0 0.409901 0.319210 0.015582 0.010494
0 0.346205 0.318145 0.014527 0.010258
0 0.187601 0.375212 0.016214 0.010107
0 0.342459 0.332992 0.012722 0.010419
0 0.351386 0.346256 0.010966 0.009487
0 0.437631 0.356807 0.013793 0.009948
0 0.427366 0.367743 0.012212 0.009554
0 0.404730 0.349779 0.013476 0.010898
0 0.369041 0.364939 0.016845 0.012160
0 0.363704 0.416659 0.012996 0.009177
0 0.376017 0.393677 0.011114 0.007403
0 0.403947 0.398803 0.011405 0.007130
0 0.407784 0.404231 0.008406 0.005263
0 0.415060 0.408098 0.010820 0.006964
0 0.424600 0.412594 0.010893 0.009157
0 0.456989 0.402696 0.012794 0.009211
0 0.469563 0.412155 0.013089 0.010144
0 0.492280 0.463410 0.011670 0.008358
0 0.489167 0.469727 0.012632 0.008884
0 0.446002 0.504141 0.008948 0.008752
0 0.435956 0.502825 0.012718 0.010858
0 0.681528 0.467225 0.015866 0.011076
0 0.693651 0.444658 0.014643 0.009737
0 0.655575 0.462292 0.014464 0.009345
0 0.642766 0.429392 0.013079 0.008948
0 0.635270 0.446401 0.012636 0.009410
0 0.623776 0.442355 0.009828 0.007765
0 0.617984 0.447092 0.009137 0.008420
0 0.609651 0.448473 0.012106 0.008554
0 0.587146 0.436037 0.013598 0.010660
0 0.554606 0.425134 0.015000 0.010397
0 0.565959 0.444394 0.014914 0.009740
0 0.564287 0.476900 0.010010 0.007897
0 0.579471 0.470846 0.011931 0.008423
0 0.568767 0.464594 0.016144 0.010265
0 0.902634 0.469689 0.014421 0.009239
0 0.916268 0.481218 0.015374 0.009871
0 0.889211 0.498036 0.011372 0.007029
0 0.896896 0.502615 0.011372 0.008132
0 0.938127 0.527578 0.011756 0.009278
0 0.902900 0.518828 0.013598 0.009278
0 0.898646 0.526592 0.012457 0.008224
0 0.908032 0.551136 0.011581 0.007698
0 0.898626 0.575259 0.011147 0.008772
0 0.856068 0.573661 0.011091 0.006855
0 0.855308 0.579714 0.012612 0.008088
0 0.840618 0.536520 0.013512 0.008224
0 0.834082 0.524875 0.017636 0.009015
0 0.806404 0.523986 0.014038 0.008160
0 0.811096 0.518656 0.011842 0.006448
0 0.829610 0.511813 0.018161 0.010923
0 0.829089 0.616312 0.016743 0.011076
0 0.817976 0.601452 0.013089 0.010310
0 0.800035 0.599478 0.016888 0.010583
0 0.369314 0.620203 0.007371 0.005843
0 0.405916 0.679918 0.013221 0.009048
0 0.508300 0.577778 0.012196 0.008026
0 0.736058 0.566585 0.011316 0.007698
0 0.746104 0.568461 0.009299 0.008554
0 0.709721 0.579271 0.014825 0.009673
0 0.664598 0.601724 0.012106 0.009410
0 0.707641 0.605920 0.011670 0.006910
0 0.708079 0.599407 0.009213 0.007173
0 0.699613 0.600557 0.011230 0.008291
0 0.764097 0.616251 0.010351 0.008619
0 0.752999 0.612863 0.014478 0.010528
0 0.778836 0.623786 0.014213 0.010791
0 0.723294 0.647020 0.012897 0.009477
0 0.736627 0.650441 0.010265 0.007108
0 0.730091 0.654521 0.009124 0.006974
0 0.727503 0.661364 0.010615 0.008423
0 0.712634 0.679196 0.014388 0.010000
0 0.696883 0.691270 0.012722 0.009410
0 0.669511 0.678966 0.013247 0.008750
0 0.676662 0.673439 0.010526 0.007304
0 0.668679 0.667878 0.013158 0.010131
0 0.646161 0.633374 0.014636 0.010503
0 0.643897 0.672972 0.011789 0.011530
0 0.606766 0.574035 0.014769 0.011682
0 0.598090 0.594060 0.013476 0.010660
0 0.590984 0.600495 0.012530 0.008529
0 0.638097 0.584702 0.011161 0.009003
0 0.616566 0.585375 0.014845 0.008924
0 0.631779 0.608627 0.012844 0.008212
0 0.687999 0.624973 0.014107 0.009950
0 0.680628 0.637764 0.014319 0.010424
0 0.599038 0.630500 0.012632 0.008842
0 0.607986 0.638909 0.010317 0.006870
0 0.614730 0.644081 0.012199 0.008053
0 0.630096 0.629276 0.014319 0.009554
0 0.629463 0.659478 0.011161 0.008212
0 0.617778 0.704683 0.012632 0.008606
0 0.631410 0.681311 0.014005 0.008762
0 0.610565 0.679929 0.012950 0.008212
0 0.592563 0.674916 0.012526 0.009712
0 0.548590 0.702825 0.009521 0.006379
0 0.556458 0.702507 0.009352 0.006632
0 0.205346 0.520902 0.011333 0.008827
0 0.325139 0.524087 0.011111 0.006855
0 0.326601 0.518248 0.015060 0.007458
0 0.329220 0.532832 0.014696 0.008993
0 0.355268 0.556379 0.008591 0.005804
0 0.352118 0.551004 0.008773 0.006121
0 0.538844 0.598504 0.012186 0.009048
0 0.531989 0.606204 0.012490 0.010375
0 0.564431 0.621420 0.012063 0.009640
0 0.549354 0.617946 0.012979 0.009916
0 0.531625 0.639149 0.012490 0.009003
0 0.550876 0.655326 0.014193 0.011104
0 0.517490 0.653681 0.013466 0.011012
0 0.539453 0.671044 0.012186 0.008819
0 0.538904 0.684867 0.012550 0.009139
