0 0.593318 0.539055 0.014780 0.012695
0 0.614118 0.527351 0.016958 0.013929
0 0.327697 0.438447 0.014735 0.014898
0 0.301254 0.410939 0.015554 0.016209
0 0.256228 0.433534 0.017846 0.016213
0 0.266871 0.481344 0.014247 0.013917
0 0.299701 0.489202 0.014410 0.013591
0 0.312716 0.504267 0.011954 0.012606
0 0.326388 0.512700 0.016702 0.015717
0 0.657531 0.343477 0.020468 0.022378
0 0.379357 0.511012 0.014080 0.013750
0 0.365356 0.496195 0.013587 0.013587
0 0.372478 0.460092 0.014735 0.012447
0 0.368876 0.469835 0.015391 0.011625
0 0.383367 0.478021 0.016865 0.014243
0 0.408827 0.472125 0.014080 0.013591
0 0.463561 0.501781 0.014784 0.013180
0 0.485733 0.499741 0.014096 0.011144
0 0.484481 0.489906 0.012960 0.011026
0 0.543322 0.495590 0.012394 0.011710
0 0.444159 0.624658 0.014735 0.013591
0 0.464874 0.615409 0.013917 0.014735
0 0.497211 0.617537 0.010806 0.012117
0 0.514813 0.607795 0.013917 0.013587
0 0.503593 0.598298 0.014410 0.014902
0 0.478300 0.590680 0.013595 0.013094
0 0.460287 0.578241 0.011625 0.011792
0 0.432372 0.578978 0.012773 0.013265
0 0.444570 0.557775 0.013587 0.014735
0 0.524634 0.551144 0.014243 0.015228
0 0.484849 0.532478 0.016865 0.014247
0 0.498439 0.563341 0.016209 0.016698
0 0.688367 0.301521 0.015831 0.014874
0 0.650157 0.293473 0.014996 0.013787
0 0.660464 0.315985 0.012964 0.013510
0 0.637337 0.340680 0.015554 0.015147
0 0.755989 0.374556 0.014406 0.013917
0 0.776211 0.381517 0.016209 0.016698
0 0.702121 0.382828 0.015717 0.014735
0 0.713654 0.385782 0.013245 0.015733
0 0.721195 0.427608 0.017195 0.016535
0 0.682227 0.429000 0.014902 0.014735
0 0.659786 0.438815 0.013245 0.013412
0 0.652919 0.430637 0.013591 0.014410
0 0.627132 0.463072 0.014898 0.015884
0 0.433776 0.368707 0.014971 0.012602
0 0.383984 0.385006 0.013929 0.012414
0 0.399000 0.380033 0.013074 0.011751
0 0.400187 0.365631 0.012223 0.011181
0 0.414208 0.359235 0.015444 0.012223
0 0.412978 0.331981 0.017504 0.017634
0 0.453542 0.316179 0.013078 0.015574
0 0.465309 0.317730 0.014055 0.010916
0 0.464560 0.328103 0.012826 0.011189
0 0.506787 0.317117 0.016507 0.015415
0 0.575487 0.331853 0.016103 0.016783
0 0.603732 0.326055 0.015827 0.016099
0 0.619355 0.342087 0.013783 0.014597
0 0.633954 0.404715 0.013233 0.016238
0 0.615397 0.362417 0.012691 0.013506
0 0.535987 0.360849 0.015965 0.014735
0 0.567093 0.418483 0.013233 0.015941
0 0.532030 0.419108 0.017325 0.018559
0 0.512655 0.403827 0.015415 0.017191
0 0.412805 0.401050 0.019487 0.018013
0 0.407811 0.425936 0.015061 0.016042
0 0.408386 0.452298 0.016861 0.015721
0 0.422630 0.448776 0.014243 0.014572
0 0.429261 0.438463 0.016698 0.016535
0 0.458325 0.430275 0.015558 0.017195
0 0.454886 0.380010 0.016865 0.017520
0 0.470356 0.408746 0.016046 0.015391
0 0.476661 0.429424 0.016539 0.016372
0 0.539399 0.655517 0.021926 0.016979
0 0.558145 0.688882 0.016038 0.015802
0 0.546354 0.668721 0.016975 0.014617
0 0.512520 0.679684 0.016743 0.017211
0 0.476802 0.726838 0.018392 0.017683
0 0.422925 0.728960 0.018628 0.017211
0 0.433772 0.757254 0.016739 0.016266
0 0.451454 0.760086 0.020041 0.020041
0 0.447500 0.524371 0.012117 0.013261
0 0.422048 0.551963 0.015570 0.015391
0 0.404522 0.606321 0.015884 0.012113
0 0.409762 0.596006 0.013261 0.015065
0 0.351561 0.598298 0.016714 0.015391
0 0.339847 0.659125 0.012610 0.015879
0 0.346977 0.689334 0.012789 0.011462
0 0.365552 0.692689 0.014247 0.014572
0 0.376450 0.709800 0.013738 0.012769
0 0.390285 0.701285 0.015212 0.014410
0 0.388648 0.690399 0.015212 0.012280
0 0.408787 0.684666 0.014226 0.013591
0 0.393888 0.673286 0.012264 0.012117
0 0.375713 0.672551 0.016849 0.015224
0 0.349998 0.661826 0.013587 0.014735
0 0.384318 0.645863 0.014735 0.013591
0 0.366944 0.627197 0.019320 0.016209
0 0.389955 0.635138 0.013933 0.012769
0 0.443915 0.691708 0.014735 0.012610
0 0.478933 0.676197 0.012736 0.011368
0 0.470177 0.669546 0.014100 0.013530
0 0.518172 0.639662 0.020692 0.018534
0 0.818931 0.449664 0.016706 0.014581
0 0.781515 0.455391 0.014243 0.012280
0 0.795680 0.463744 0.013754 0.012610
0 0.795269 0.502547 0.015879 0.016535
0 0.765470 0.526370 0.012936 0.012773
0 0.778076 0.526614 0.013261 0.014572
0 0.735507 0.530464 0.015884 0.015065
0 0.738371 0.518593 0.016376 0.016209
0 0.744102 0.494361 0.015061 0.015228
0 0.711846 0.473893 0.016046 0.017191
0 0.684831 0.500582 0.016046 0.013265
0 0.694660 0.530706 0.015729 0.014564
0 0.585200 0.568614 0.018502 0.014735
0 0.656000 0.563453 0.020371 0.016963
