0 0.634916 0.488626 0.013191 0.010689
0 0.654701 0.462361 0.011220 0.008413
0 0.682368 0.482543 0.015615 0.012393
0 0.681004 0.466455 0.014097 0.009551
0 0.389013 0.247794 0.012106 0.009000
0 0.389856 0.262679 0.013581 0.009554
0 0.406331 0.267021 0.013052 0.009554
0 0.419597 0.256913 0.012844 0.008291
0 0.409067 0.251466 0.013056 0.007817
0 0.416997 0.235720 0.012844 0.009239
0 0.455866 0.221618 0.013161 0.008132
0 0.445127 0.242858 0.011055 0.007344
0 0.479238 0.238911 0.013158 0.009236
0 0.455392 0.254586 0.016214 0.010739
0 0.424861 0.283090 0.013267 0.008844
0 0.497609 0.279142 0.013267 0.008527
0 0.495977 0.303304 0.013793 0.010109
0 0.537932 0.300303 0.012212 0.007579
0 0.537459 0.294303 0.010843 0.008686
0 0.528720 0.293118 0.010423 0.009162
0 0.598520 0.243552 0.016551 0.010233
0 0.603891 0.226070 0.013138 0.010707
0 0.644129 0.229055 0.014527 0.010233
0 0.646275 0.212899 0.011749 0.008433
0 0.656194 0.227824 0.013142 0.009665
0 0.669081 0.224508 0.012381 0.008718
0 0.696809 0.219914 0.013763 0.009194
0 0.765298 0.401951 0.012130 0.008624
0 0.717163 0.406403 0.012381 0.008812
0 0.738768 0.389158 0.010612 0.008435
0 0.745648 0.361486 0.013003 0.009370
0 0.714952 0.362060 0.011498 0.008812
0 0.690823 0.363006 0.011243 0.007297
0 0.696071 0.368645 0.010370 0.006252
0 0.681536 0.409531 0.013138 0.008433
0 0.659238 0.422086 0.013013 0.009474
0 0.657784 0.407541 0.012130 0.009000
0 0.534507 0.453473 0.009213 0.006709
0 0.548851 0.461075 0.013337 0.010067
0 0.481144 0.511241 0.010159 0.008529
0 0.465377 0.511127 0.012282 0.008301
0 0.444911 0.504022 0.011065 0.007959
0 0.436344 0.502259 0.010916 0.008983
0 0.446275 0.466101 0.013495 0.010347
0 0.459010 0.482644 0.013793 0.008869
0 0.520637 0.481281 0.011220 0.008643
0 0.521698 0.521985 0.010308 0.006595
0 0.549897 0.512607 0.009702 0.007391
0 0.542543 0.508570 0.009854 0.008187
0 0.537770 0.475311 0.012735 0.007845
0 0.564375 0.476904 0.010159 0.006709
0 0.635400 0.446398 0.012546 0.008549
0 0.623644 0.443111 0.009563 0.007765
0 0.616933 0.446461 0.011935 0.008423
0 0.609959 0.448862 0.011141 0.008358
0 0.586677 0.435981 0.013644 0.010642
0 0.720751 0.230192 0.013896 0.010613
0 0.701801 0.236541 0.014150 0.010424
0 0.703699 0.255830 0.012887 0.009665
0 0.678910 0.261572 0.014858 0.010461
0 0.688917 0.280048 0.010916 0.009437
0 0.678684 0.308078 0.014101 0.010233
0 0.694225 0.309441 0.014858 0.012507
0 0.696346 0.293239 0.013036 0.009211
0 0.651396 0.299720 0.015615 0.010119
0 0.660643 0.321039 0.011372 0.008641
0 0.675653 0.347305 0.016829 0.011143
0 0.670498 0.382495 0.014097 0.010575
0 0.633271 0.376021 0.013022 0.009219
0 0.621682 0.355377 0.013191 0.011369
0 0.592801 0.355379 0.016978 0.012059
0 0.576958 0.345713 0.012586 0.009323
0 0.542316 0.349294 0.015162 0.011714
0 0.548246 0.362388 0.013628 0.010789
0 0.532693 0.363475 0.010539 0.008596
0 0.508413 0.367569 0.014008 0.008869
0 0.504317 0.375277 0.011280 0.010097
0 0.492583 0.376234 0.012553 0.009278
0 0.492492 0.388445 0.015281 0.009687
0 0.464658 0.381213 0.012371 0.008596
0 0.460293 0.386603 0.010188 0.006550
0 0.472027 0.391923 0.016190 0.010370
0 0.456291 0.402907 0.012735 0.008869
0 0.469117 0.412321 0.012189 0.009960
0 0.511959 0.453323 0.011644 0.008457
0 0.492675 0.463967 0.010185 0.008733
0 0.521875 0.440361 0.014008 0.010370
0 0.554620 0.424876 0.012917 0.009142
0 0.565809 0.443637 0.012371 0.009005
0 0.569082 0.464444 0.015645 0.009688
0 0.581726 0.490026 0.014735 0.010642
0 0.601867 0.402417 0.011280 0.007096
0 0.642799 0.429501 0.013826 0.009415
0 0.758438 0.423818 0.013013 0.009477
0 0.760079 0.416524 0.012507 0.008906
0 0.739550 0.445848 0.008340 0.006538
0 0.726032 0.424198 0.013644 0.010424
0 0.693059 0.444097 0.014656 0.009286
0 0.671453 0.538258 0.011372 0.008301
0 0.661143 0.523022 0.012887 0.009665
0 0.645375 0.522794 0.010764 0.008981
0 0.577383 0.514721 0.012735 0.009893
0 0.598456 0.500569 0.015463 0.009090
0 0.604140 0.508865 0.011673 0.009779
0 0.701318 0.501019 0.015010 0.009777
0 0.689266 0.505455 0.014854 0.009551
